0.231041 0.332299 0.436660
0.211944 0.211952 0.576104
0.211942 0.211942 0.576117
0.211950 0.211973 0.576077
0.211942 0.211942 0.576117
0.212038 0.212305 0.575657
0.214719 0.222811 0.562470
0.222605 0.260686 0.516710
0.211946 0.211960 0.576094
0.214566 0.222184 0.563250
0.576058 0.211987 0.211955
0.211942 0.211942 0.576117
0.214313 0.221160 0.564528
0.227723 0.476353 0.295924
0.212322 0.213375 0.574303
0.212493 0.214026 0.573480
0.211942 0.211942 0.576117
0.211942 0.211942 0.576117
0.211942 0.211942 0.576117
0.211942 0.211942 0.576117
0.213278 0.217051 0.569671
0.212082 0.212469 0.575449
0.221972 0.257116 0.520912
0.211943 0.211946 0.576112
0.211963 0.212022 0.576015
0.211942 0.211942 0.576117
0.237029 0.524990 0.237981
0.226100 0.490722 0.283178
0.232705 0.381621 0.385675
0.211942 0.211942 0.576117
0.211942 0.211942 0.576117
0.211942 0.211942 0.576117
0.211942 0.211942 0.576117
0.212599 0.214431 0.572970
0.211942 0.211942 0.576117
0.211942 0.211942 0.576117
0.211942 0.211942 0.576117
0.211942 0.211942 0.576117
0.212507 0.214078 0.573415
0.482791 0.276324 0.240885
0.211942 0.211942 0.576117
0.212050 0.212350 0.575600
0.211944 0.211950 0.576107
0.211942 0.211942 0.576116
0.211942 0.211943 0.576115
0.211957 0.212000 0.576043
0.212326 0.213389 0.574285
0.221288 0.253384 0.525328
0.212427 0.213772 0.573802
0.229316 0.471125 0.299559
0.231961 0.422024 0.346015
0.212246 0.213086 0.574668
0.212004 0.212177 0.575818
0.212292 0.213261 0.574447
0.320511 0.436164 0.243325
0.211942 0.211942 0.576117
0.220912 0.251390 0.527698
0.211942 0.211942 0.576117
0.211942 0.211942 0.576117
0.211944 0.211952 0.576104
0.211942 0.211942 0.576117
0.211942 0.211945 0.576113
0.211942 0.211942 0.576117
0.211942 0.211942 0.576117
0.211998 0.212155 0.575847
0.211974 0.212065 0.575961
0.212038 0.212305 0.575656
0.211942 0.211942 0.576117
0.232587 0.370294 0.397119
0.536402 0.242367 0.221232
0.219778 0.245585 0.534637
0.211942 0.211942 0.576117
0.211942 0.211942 0.576117
0.211942 0.211942 0.576117
0.211942 0.211942 0.576117
0.212765 0.215066 0.572169
0.211943 0.211947 0.576110
0.211942 0.211943 0.576115
0.211942 0.211942 0.576117
0.212069 0.212420 0.575511
0.211942 0.211942 0.576117
0.211957 0.211946 0.576097
0.211942 0.211942 0.576117
0.212033 0.212286 0.575681
0.214246 0.220889 0.564866
0.211956 0.211995 0.576049
0.212302 0.213298 0.574400
0.211982 0.212095 0.575923
0.214907 0.223581 0.561512
0.212003 0.212172 0.575825
0.575707 0.212251 0.212042
0.211942 0.211942 0.576117
0.211942 0.211942 0.576117
0.211942 0.211942 0.576117
0.211942 0.211942 0.576117
0.211942 0.211942 0.576117
0.211942 0.211942 0.576117
0.211942 0.211942 0.576117
0.214384 0.212587 0.573029
0.212988 0.215925 0.571087
0.211942 0.211942 0.576117
0.245146 0.404079 0.350775
0.211942 0.211942 0.576117
0.216674 0.231091 0.552235
0.212471 0.213943 0.573586
0.215251 0.225008 0.559741
0.213226 0.216848 0.569926
0.228295 0.470763 0.300943
0.220473 0.248853 0.530675
0.212106 0.212559 0.575335
0.215778 0.227225 0.556997
0.231079 0.332877 0.436045
0.211942 0.211942 0.576117
0.211942 0.211942 0.576117
0.211942 0.211942 0.576116
0.229994 0.451624 0.318382
0.221898 0.256703 0.521399
0.212320 0.213366 0.574315
0.212031 0.212276 0.575694
0.212030 0.212274 0.575696
0.212013 0.212210 0.575777
0.211942 0.211942 0.576117
0.211942 0.211942 0.576117
0.213218 0.216817 0.569966
0.211948 0.211964 0.576088
0.216365 0.229746 0.553889
0.211942 0.211942 0.576116
0.567859 0.217582 0.214559
0.211942 0.211942 0.576117
0.212023 0.212246 0.575731
0.214251 0.220911 0.564837
0.212262 0.213146 0.574592
0.220782 0.250711 0.528507
0.214747 0.222924 0.562329
0.211942 0.211942 0.576117
0.216032 0.228307 0.555661
0.576054 0.211989 0.211957
0.230834 0.329246 0.439920
0.214913 0.223609 0.561477
0.214485 0.221856 0.563659
0.213224 0.216841 0.569935
0.211942 0.211942 0.576117
0.211942 0.211942 0.576117
0.232501 0.365791 0.401708
0.211956 0.211997 0.576047
0.211957 0.212001 0.576042
0.218062 0.237346 0.544592
0.231921 0.348304 0.419775
0.212854 0.215407 0.571739
0.294148 0.378399 0.327453
0.211955 0.211990 0.576055
0.219953 0.246461 0.533586
0.211987 0.212111 0.575903
0.212015 0.212216 0.575770
0.211942 0.211942 0.576117
0.212026 0.212259 0.575714
0.227446 0.478958 0.293597
0.211947 0.211964 0.576089
0.211942 0.211942 0.576117
0.213140 0.216515 0.570345
0.211942 0.211942 0.576117
0.212055 0.212366 0.575580
0.211942 0.211942 0.576117
0.211952 0.211980 0.576068
0.212183 0.212849 0.574968
0.211971 0.212051 0.575978
0.212325 0.213385 0.574291
0.575978 0.212047 0.211975
0.212530 0.214164 0.573307
0.211942 0.211942 0.576117
0.214665 0.219163 0.566171
0.575838 0.212153 0.212010
0.213800 0.219108 0.567091
0.213853 0.219318 0.566828
0.211942 0.211942 0.576117
0.231347 0.337202 0.431451
0.576069 0.211979 0.211952
0.211942 0.211942 0.576117
0.213081 0.216286 0.570632
0.231821 0.422063 0.346116
0.212694 0.214793 0.572513
0.212894 0.215562 0.571544
0.211955 0.211993 0.576052
0.211993 0.212134 0.575874
0.214754 0.222954 0.562292
0.214697 0.222720 0.562583
0.211943 0.211946 0.576112
0.212083 0.212472 0.575445
0.211942 0.211942 0.576117
0.220856 0.251095 0.528049
0.221801 0.256169 0.522029
0.211980 0.212084 0.575936
0.241158 0.430025 0.328818
0.212114 0.212590 0.575295
0.221086 0.252308 0.526607
0.212065 0.212405 0.575530
0.232677 0.389312 0.378011
0.222684 0.261142 0.516173
0.211942 0.211942 0.576117
0.212987 0.215921 0.571091
0.211951 0.211976 0.576073
0.214376 0.221415 0.564210
0.211942 0.211942 0.576117
0.212253 0.213113 0.574635
0.213197 0.216734 0.570069
0.211942 0.211942 0.576117
0.212033 0.212286 0.575681
0.211995 0.212141 0.575865
0.211942 0.211942 0.576117
0.211942 0.211942 0.576117
0.211942 0.211942 0.576117
0.211942 0.211942 0.576117
0.212214 0.212965 0.574821
0.211943 0.211948 0.576109
0.211942 0.211942 0.576117
0.211942 0.211942 0.576117
0.211946 0.211959 0.576095
0.211942 0.211942 0.576117
0.211942 0.211942 0.576117
0.212121 0.212615 0.575264
0.211950 0.211974 0.576076
0.211971 0.212051 0.575978
0.212809 0.215236 0.571955
0.211990 0.212121 0.575889
0.211942 0.211942 0.576117
0.214235 0.220848 0.564917
0.211942 0.211942 0.576117
0.211942 0.211942 0.576117
0.212044 0.212326 0.575630
0.211947 0.211962 0.576091
0.211948 0.211965 0.576088
0.211952 0.211979 0.576069
0.212142 0.212694 0.575164
0.523075 0.221694 0.255232
0.228003 0.473663 0.298334
0.576043 0.211999 0.211959
0.211942 0.211942 0.576117
0.211942 0.211942 0.576117
0.215980 0.228087 0.555933
0.224290 0.270870 0.504840
0.211944 0.211952 0.576104
0.211942 0.211942 0.576117
0.220659 0.250066 0.529275
0.211942 0.211942 0.576117
0.223166 0.263961 0.512874
0.211942 0.211942 0.576117
0.211942 0.211942 0.576117
0.211942 0.211942 0.576117
0.214637 0.222476 0.562887
0.212841 0.215358 0.571801
0.212731 0.214933 0.572336
0.212452 0.213870 0.573678
0.229410 0.311867 0.458722
0.211942 0.211942 0.576117
0.211942 0.211942 0.576117
0.211942 0.211942 0.576117
0.211942 0.211942 0.576117
0.211942 0.211942 0.576117
0.212124 0.212625 0.575251
0.216475 0.230221 0.553305
0.212471 0.213941 0.573588
0.212437 0.213812 0.573751
0.216498 0.230323 0.553178
0.211942 0.211942 0.576117
0.567953 0.217810 0.214237
0.211942 0.211942 0.576117
0.212139 0.212685 0.575176
0.211942 0.211942 0.576117
0.212062 0.212394 0.575544
0.217378 0.234222 0.548400
0.211942 0.211942 0.576117
0.212232 0.213034 0.574735
0.211942 0.211942 0.576117
0.212002 0.212169 0.575829
0.212321 0.213370 0.574309
0.212032 0.212279 0.575689
0.212754 0.215024 0.572222
0.575896 0.212108 0.211996
0.212248 0.213093 0.574659
0.211977 0.212074 0.575949
0.445256 0.276022 0.278721
0.213488 0.217873 0.568639
0.211942 0.576117 0.211942
0.213837 0.219255 0.566907
0.211944 0.211951 0.576105
0.211942 0.211942 0.576116
0.215492 0.226017 0.558491
0.212836 0.215340 0.571824
0.211942 0.211942 0.576117
0.211942 0.211942 0.576117
0.211942 0.211942 0.576117
0.212019 0.212233 0.575748
0.211942 0.211942 0.576117
0.211950 0.211972 0.576078
0.211942 0.211942 0.576117
0.211942 0.211942 0.576117
0.211942 0.211943 0.576116
0.211942 0.211942 0.576117
0.211950 0.211973 0.576077
0.211978 0.212079 0.575943
0.211989 0.212118 0.575893
0.211944 0.211950 0.576106
0.211942 0.211942 0.576117
0.212050 0.212350 0.575600
0.576039 0.212000 0.211961
0.211942 0.211942 0.576117
0.211942 0.211942 0.576116
0.217022 0.232630 0.550347
0.211942 0.211942 0.576117
0.212497 0.214041 0.573462
0.211942 0.211943 0.576115
0.211942 0.211942 0.576117
0.211942 0.211944 0.576114
0.211943 0.211947 0.576111
0.211942 0.211942 0.576117
0.232510 0.401301 0.366190
0.212478 0.213968 0.573554
0.212007 0.212188 0.575805
0.211942 0.211942 0.576117
0.211942 0.211942 0.576117
0.216217 0.229106 0.554677
0.212244 0.213082 0.574674
0.212126 0.212636 0.575237
0.212933 0.215712 0.571355
0.211942 0.211942 0.576117
0.213590 0.218176 0.568234
0.212077 0.212449 0.575474
0.213424 0.217623 0.568953
0.211942 0.211942 0.576117
0.226682 0.287526 0.485792
0.212064 0.212400 0.575537
0.211973 0.212060 0.575966
0.211942 0.211942 0.576117
0.211947 0.211963 0.576090
0.211942 0.211942 0.576117
0.211955 0.211991 0.576054
0.213928 0.219617 0.566455
0.211942 0.211942 0.576117
0.211959 0.212008 0.576033
0.212084 0.212475 0.575442
0.232076 0.351920 0.416004
0.211950 0.211974 0.576076
0.549029 0.232574 0.218397
0.211942 0.211942 0.576117
0.211942 0.211942 0.576116
0.212156 0.212748 0.575096
0.212704 0.214831 0.572465
0.211956 0.211995 0.576049
0.230061 0.450761 0.319178
0.217583 0.235151 0.547266
0.215552 0.226268 0.558180
0.211982 0.212094 0.575924
0.215043 0.224145 0.560812
0.213637 0.218463 0.567900
0.218073 0.237396 0.544532
0.211943 0.211946 0.576111
0.211960 0.212009 0.576032
0.215438 0.225791 0.558770
0.212425 0.213767 0.573808
0.215349 0.225415 0.559236
0.212884 0.574598 0.212517
0.211942 0.211942 0.576117
0.211942 0.211942 0.576117
0.212044 0.212325 0.575631
0.211942 0.211942 0.576117
0.211942 0.211942 0.576117
0.223619 0.266685 0.509697
0.212522 0.214135 0.573343
0.211942 0.211942 0.576117
0.229149 0.309152 0.461699
0.212032 0.212281 0.575687
0.212032 0.212280 0.575688
0.212791 0.215166 0.572043
0.211942 0.211942 0.576117
0.211942 0.211945 0.576113
0.212161 0.212765 0.575074
0.211942 0.211942 0.576117
0.211945 0.211953 0.576102
0.214852 0.223358 0.561789
0.211958 0.212002 0.576041
0.211942 0.211944 0.576114
0.212609 0.214467 0.572924
0.211942 0.211942 0.576117
0.221513 0.523893 0.254594
0.212209 0.212947 0.574844
0.211942 0.211942 0.576117
0.211942 0.211942 0.576117
0.213575 0.218216 0.568209
0.213091 0.216325 0.570584
0.212007 0.212186 0.575807
0.216783 0.231569 0.551648
0.213246 0.216928 0.569825
0.212741 0.214973 0.572286
0.211942 0.211942 0.576117
0.211942 0.211942 0.576117
0.213156 0.216576 0.570269
0.576102 0.211947 0.211952
0.211942 0.211942 0.576117
0.212880 0.215507 0.571613
0.213504 0.217938 0.568558
0.212024 0.212251 0.575724
0.230527 0.325023 0.444450
0.225684 0.280199 0.494117
0.211942 0.211944 0.576114
0.213262 0.216989 0.569749
0.211955 0.211990 0.576055
0.221926 0.521216 0.256858
0.211942 0.211942 0.576117
0.211942 0.211942 0.576117
0.214750 0.222937 0.562313
0.213915 0.219564 0.566521
0.211942 0.211942 0.576117
0.220340 0.248424 0.531236
0.576054 0.211989 0.211957
0.213293 0.217111 0.569596
0.211942 0.211942 0.576117
0.212178 0.212829 0.574994
0.211949 0.211971 0.576080
0.213696 0.218695 0.567609
0.211942 0.211942 0.576117
0.211942 0.211942 0.576117
0.211942 0.211942 0.576117
0.211942 0.211942 0.576117
0.211942 0.211942 0.576117
0.211942 0.211942 0.576117
0.229413 0.459191 0.311396
0.223421 0.265487 0.511092
0.211942 0.211942 0.576117
0.212052 0.212356 0.575592
0.213445 0.217705 0.568850
0.212005 0.212178 0.575817
0.211942 0.211942 0.576117
0.212025 0.212256 0.575718
0.211942 0.211942 0.576117
0.211963 0.212021 0.576016
0.214084 0.220240 0.565676
0.217856 0.236397 0.545747
0.211943 0.211946 0.576112
0.212710 0.214854 0.572436
0.211957 0.212000 0.576043
0.211942 0.211942 0.576117
0.212122 0.212620 0.575258
0.211942 0.211942 0.576117
0.214092 0.220269 0.565639
0.214514 0.221976 0.563510
0.216757 0.231459 0.551784
0.212130 0.212650 0.575220
0.212827 0.215303 0.571870
0.212411 0.213711 0.573878
0.211942 0.211942 0.576117
0.211946 0.211959 0.576095
0.211973 0.212059 0.575968
0.212141 0.212691 0.575168
0.223768 0.267603 0.508629
0.211942 0.211945 0.576113
0.211973 0.212060 0.575967
0.212349 0.213478 0.574173
0.212013 0.212210 0.575777
0.211942 0.211942 0.576117
0.222764 0.261605 0.515631
0.213775 0.219007 0.567218
0.211942 0.211942 0.576117
0.211943 0.211946 0.576111
0.230574 0.325646 0.443781
0.212151 0.212728 0.575121
0.212158 0.212756 0.575085
0.231440 0.431499 0.337060
0.211995 0.212141 0.575864
0.211963 0.212021 0.576016
0.212325 0.213387 0.574287
0.230123 0.319931 0.449946
0.229724 0.315287 0.454989
0.211942 0.211942 0.576117
0.211942 0.211942 0.576117
0.211942 0.211942 0.576117
0.211942 0.211942 0.576117
0.211942 0.211942 0.576117
0.211942 0.211942 0.576117
0.211942 0.211942 0.576117
0.511830 0.223671 0.264499
0.211942 0.211942 0.576117
0.212008 0.212190 0.575802
0.211962 0.212017 0.576021
0.211942 0.211942 0.576117
0.212513 0.214100 0.573387
0.212150 0.212725 0.575125
0.212059 0.212384 0.575556
0.213057 0.216193 0.570749
0.211962 0.212016 0.576022
0.214294 0.220574 0.565132
0.211942 0.211942 0.576117
0.228391 0.299897 0.471712
0.211942 0.211942 0.576117
0.214221 0.220790 0.564989
0.211996 0.212144 0.575860
0.229645 0.314408 0.455947
0.213570 0.218196 0.568234
0.212225 0.213008 0.574767
0.217653 0.235468 0.546879
0.211975 0.212069 0.575956
0.211943 0.211946 0.576111
0.575935 0.212079 0.211987
0.232609 0.371673 0.395719
0.211946 0.211958 0.576096
0.232161 0.413630 0.354209
0.211949 0.211968 0.576084
0.211942 0.211942 0.576117
0.211943 0.211946 0.576112
0.211951 0.211978 0.576071
0.211942 0.211942 0.576117
0.211942 0.211942 0.576117
0.212004 0.212177 0.575819
0.214444 0.221689 0.563867
0.211942 0.211942 0.576117
0.211942 0.211945 0.576113
0.212313 0.213341 0.574346
0.211997 0.212148 0.575855
0.211942 0.211942 0.576117
0.211942 0.211942 0.576117
0.227356 0.292860 0.479784
0.211942 0.211942 0.576117
0.211942 0.211942 0.576117
0.211942 0.211942 0.576117
0.224540 0.272477 0.502982
0.216595 0.230744 0.552661
0.212359 0.213516 0.574125
0.211981 0.212090 0.575929
0.221478 0.254407 0.524114
0.219176 0.242626 0.538198
0.576068 0.211980 0.211952
0.211942 0.211942 0.576117
0.213995 0.219883 0.566122
0.213167 0.216618 0.570216
0.213826 0.219210 0.566964
0.211942 0.211942 0.576117
0.213130 0.216477 0.570393
0.228015 0.298448 0.473537
0.211942 0.211942 0.576116
0.215676 0.226792 0.557533
0.212424 0.213763 0.573813
0.211942 0.211942 0.576117
0.212030 0.212273 0.575697
0.211942 0.211942 0.576117
0.211945 0.211954 0.576101
0.212817 0.215264 0.571919
0.213168 0.216623 0.570209
0.212708 0.214846 0.572446
0.211943 0.211945 0.576112
0.211947 0.211961 0.576092
0.212476 0.213961 0.573563
0.225678 0.280154 0.494169
0.219497 0.244196 0.536307
0.211945 0.211956 0.576099
0.242692 0.219190 0.538118
0.212338 0.213434 0.574228
0.223334 0.264965 0.511701
0.211943 0.211947 0.576111
0.211942 0.211944 0.576113
0.211950 0.211973 0.576078
0.212152 0.212731 0.575117
0.212836 0.215338 0.571826
0.211942 0.211942 0.576117
0.212318 0.213362 0.574320
0.211942 0.211942 0.576116
0.211942 0.211942 0.576117
0.211958 0.212002 0.576040
0.212064 0.212402 0.575534
0.212181 0.212841 0.574978
0.212514 0.214103 0.573383
0.211985 0.212105 0.575910
0.211942 0.211945 0.576113
0.211942 0.211942 0.576117
0.211942 0.211942 0.576117
0.211942 0.211942 0.576117
0.211942 0.211942 0.576117
0.211942 0.211942 0.576117
0.211942 0.211942 0.576117
0.211942 0.211942 0.576117
0.211942 0.211942 0.576117
0.211942 0.211942 0.576117
0.576098 0.211946 0.211955
0.211942 0.211943 0.576116
0.212167 0.212790 0.575043
0.229837 0.453598 0.316565
0.212292 0.213262 0.574446
0.211952 0.211980 0.576068
0.211942 0.211942 0.576117
0.212135 0.212669 0.575195
0.230130 0.452171 0.317698
0.211942 0.211942 0.576117
0.211942 0.211942 0.576117
0.213208 0.216780 0.570011
0.212255 0.213120 0.574626
0.211942 0.211942 0.576117
0.211942 0.211942 0.576117
0.212009 0.212194 0.575797
0.211942 0.211942 0.576117
0.211942 0.211942 0.576117
0.212986 0.215919 0.571095
0.214615 0.222386 0.562999
0.211944 0.211952 0.576104
0.216488 0.230280 0.553232
0.212569 0.214313 0.573118
0.212361 0.213524 0.574115
0.232016 0.350480 0.417504
0.211942 0.211942 0.576117
0.230748 0.328022 0.441230
0.211942 0.211942 0.576116
0.221277 0.525395 0.253327
0.211942 0.211942 0.576117
0.211942 0.211942 0.576117
0.211942 0.211942 0.576117
0.217097 0.232962 0.549941
0.211942 0.211942 0.576117
0.212005 0.212179 0.575816
0.212732 0.214938 0.572330
0.228692 0.466669 0.304640
0.211942 0.211942 0.576117
0.213071 0.216248 0.570681
0.212076 0.212445 0.575479
0.211946 0.211960 0.576094
0.211942 0.211942 0.576117
0.212117 0.212599 0.575285
0.221016 0.527049 0.251936
0.211975 0.212067 0.575958
0.217722 0.235783 0.546495
0.216507 0.230362 0.553131
0.213452 0.217734 0.568814
0.575669 0.212280 0.212051
0.212345 0.213462 0.574193
0.211942 0.211942 0.576117
0.215287 0.225160 0.559553
0.211942 0.211942 0.576117
0.211946 0.211958 0.576096
0.212250 0.213103 0.574647
0.211951 0.211975 0.576074
0.213470 0.217803 0.568728
0.211942 0.211942 0.576117
0.211944 0.211949 0.576108
0.213039 0.216121 0.570840
0.212238 0.213057 0.574705
0.212021 0.212239 0.575740
0.211942 0.211942 0.576116
0.211942 0.211942 0.576117
0.211942 0.211942 0.576117
0.212175 0.212817 0.575008
0.211942 0.211942 0.576117
0.576096 0.211958 0.211946
0.211942 0.211942 0.576117
0.211942 0.211942 0.576117
0.211942 0.211942 0.576117
0.211942 0.211942 0.576117
0.211942 0.211942 0.576117
0.211942 0.211942 0.576117
0.212181 0.212844 0.574975
0.211942 0.211944 0.576114
0.211942 0.211942 0.576117
0.212833 0.215328 0.571838
0.217302 0.233880 0.548818
0.214047 0.220092 0.565860
0.212016 0.212219 0.575765
0.212895 0.215564 0.571542
0.213296 0.217122 0.569582
0.230744 0.327979 0.441276
0.211942 0.211942 0.576117
0.212000 0.212159 0.575841
0.213096 0.216343 0.570561
0.570209 0.214995 0.214796
0.211942 0.211942 0.576117
0.211962 0.212019 0.576019
0.221589 0.255010 0.523401
0.212485 0.213995 0.573520
0.232395 0.406080 0.361524
0.211952 0.211980 0.576069
0.211942 0.211942 0.576117
0.224698 0.273505 0.501797
0.211944 0.211942 0.576113
0.211942 0.211942 0.576116
0.437499 0.310651 0.251850
0.211942 0.211942 0.576117
0.211942 0.211942 0.576117
0.211944 0.211952 0.576103
0.211942 0.211942 0.576117
0.211942 0.211942 0.576117
0.211956 0.211995 0.576049
0.215582 0.226396 0.558021
0.211942 0.211942 0.576117
0.213512 0.217968 0.568520
0.213110 0.216397 0.570493
0.212032 0.212282 0.575686
0.211942 0.211942 0.576117
0.213979 0.219819 0.566203
0.211942 0.211942 0.576117
0.211942 0.211942 0.576117
0.211985 0.212105 0.575910
0.212059 0.212380 0.575561
0.211956 0.211996 0.576048
0.211958 0.212003 0.576040
0.232642 0.393129 0.374229
0.211950 0.211975 0.576075
0.216894 0.232062 0.551043
0.211942 0.211942 0.576117
0.211942 0.211942 0.576117
0.211942 0.211942 0.576116
0.212912 0.215631 0.571458
0.211942 0.211942 0.576117
0.211942 0.211942 0.576117
0.224070 0.506451 0.269479
0.236893 0.490058 0.273049
0.211942 0.211942 0.576117
0.211942 0.211942 0.576117
0.211942 0.211942 0.576117
0.211948 0.211966 0.576086
0.212042 0.212319 0.575639
0.213959 0.219738 0.566303
0.212086 0.212485 0.575429
0.211942 0.211942 0.576117
0.212049 0.212344 0.575607
0.212105 0.212557 0.575337
0.212734 0.214947 0.572319
0.218120 0.237614 0.544266
0.211963 0.212024 0.576013
0.211942 0.211942 0.576117
0.212093 0.212511 0.575396
0.211945 0.211953 0.576102
0.218208 0.238027 0.543764
0.212064 0.212403 0.575533
0.213607 0.218343 0.568049
0.211960 0.212012 0.576028
0.214172 0.220592 0.565236
0.211942 0.211942 0.576117
0.211942 0.211944 0.576114
0.211949 0.211969 0.576082
0.211942 0.211942 0.576117
0.230893 0.439007 0.330100
0.212781 0.215128 0.572091
0.211957 0.212000 0.576043
0.212580 0.214356 0.573065
0.211942 0.211943 0.576115
0.212644 0.214602 0.572753
0.211942 0.211942 0.576117
0.576107 0.211950 0.211944
0.211942 0.211942 0.576117
0.211942 0.211942 0.576117
0.211942 0.211942 0.576117
0.211942 0.211942 0.576117
0.213627 0.218423 0.567950
0.211972 0.212057 0.575971
0.211945 0.211956 0.576098
0.211942 0.211942 0.576117
0.211942 0.211942 0.576117
0.211942 0.211942 0.576117
0.212116 0.212598 0.575285
0.213401 0.217533 0.569067
0.214656 0.222554 0.562790
0.214489 0.221875 0.563636
0.211942 0.211942 0.576117
0.211942 0.211942 0.576117
0.212369 0.213554 0.574077
0.218804 0.240834 0.540362
0.222601 0.260663 0.516736
0.212508 0.214083 0.573409
0.212050 0.212347 0.575603
0.211942 0.211942 0.576117
0.215962 0.228011 0.556027
0.211942 0.211942 0.576117
0.211942 0.211942 0.576117
0.211993 0.212134 0.575873
0.213668 0.218583 0.567749
0.211944 0.211952 0.576103
0.217355 0.548527 0.234118
0.213096 0.216344 0.570560
0.211942 0.211942 0.576117
0.211942 0.211942 0.576117
0.212003 0.212170 0.575827
0.212082 0.212469 0.575449
0.211942 0.211942 0.576116
0.211942 0.211942 0.576117
0.212025 0.212256 0.575719
0.222072 0.257671 0.520257
0.212213 0.212963 0.574824
0.211942 0.211942 0.576117
0.223099 0.263565 0.513337
0.212373 0.213569 0.574057
0.556795 0.224800 0.218405
0.212089 0.212494 0.575417
0.212049 0.212346 0.575605
0.211942 0.211942 0.576117
0.211945 0.211953 0.576103
0.216986 0.232468 0.550546
0.219164 0.242568 0.538268
0.211970 0.212048 0.575983
0.215363 0.225476 0.559161
0.215347 0.225411 0.559242
0.215860 0.227572 0.556568
0.213926 0.219608 0.566466
0.232110 0.349431 0.418459
0.211942 0.211942 0.576117
0.213646 0.218497 0.567857
0.231320 0.336728 0.431952
0.211942 0.211942 0.576117
0.216213 0.229088 0.554699
0.216526 0.230446 0.553028
0.213069 0.216237 0.570694
0.212713 0.214866 0.572421
0.212043 0.212322 0.575635
0.211942 0.211942 0.576116
0.211942 0.211942 0.576117
0.211942 0.211942 0.576117
0.211942 0.211942 0.576117
0.213435 0.217665 0.568900
0.211942 0.211942 0.576117
0.212033 0.212284 0.575683
0.211942 0.211942 0.576117
0.211942 0.211942 0.576117
0.211942 0.211942 0.576117
0.211942 0.211942 0.576117
0.218183 0.237910 0.543907
0.211943 0.211948 0.576109
0.211942 0.211942 0.576117
0.212088 0.212491 0.575421
0.211942 0.211942 0.576117
0.211942 0.211942 0.576117
0.212082 0.212467 0.575451
0.219802 0.245707 0.534491
0.211942 0.211942 0.576117
0.211942 0.211945 0.576113
0.216623 0.230867 0.552511
0.211942 0.211942 0.576117
0.211942 0.211942 0.576117
0.212025 0.212253 0.575722
0.211942 0.211942 0.576117
0.211942 0.211942 0.576117
0.211942 0.211942 0.576117
0.211971 0.212052 0.575977
0.212013 0.212210 0.575776
0.211942 0.211942 0.576117
0.211942 0.211942 0.576117
0.232514 0.401076 0.366410
0.211942 0.211942 0.576117
0.558151 0.225346 0.216503
0.232642 0.393196 0.374163
0.211978 0.212079 0.575943
0.211942 0.211942 0.576117
0.212031 0.212277 0.575692
0.220601 0.249769 0.529630
0.211955 0.211992 0.576053
0.211942 0.211942 0.576117
0.211990 0.212103 0.575907
0.211945 0.211953 0.576102
0.212141 0.212689 0.575170
0.212817 0.215266 0.571917
0.576009 0.212023 0.211968
0.213291 0.217101 0.569609
0.211942 0.211942 0.576116
0.211942 0.211942 0.576117
0.211942 0.211942 0.576117
0.212129 0.212644 0.575228
0.213953 0.219715 0.566332
0.211942 0.211942 0.576117
0.211942 0.211942 0.576117
0.212884 0.215524 0.571592
0.212434 0.213799 0.573767
0.211955 0.211993 0.576051
0.576029 0.212008 0.211963
0.211942 0.211943 0.576115
0.212354 0.213496 0.574150
0.212084 0.212476 0.575440
0.225427 0.496169 0.278404
0.211942 0.211942 0.576117
0.211942 0.211942 0.576117
0.228222 0.300282 0.471497
0.211950 0.211974 0.576076
0.211949 0.211969 0.576082
0.212547 0.214229 0.573225
0.211942 0.211942 0.576117
0.212005 0.212178 0.575817
0.211973 0.212059 0.575969
0.211943 0.211945 0.576112
0.213310 0.217177 0.569513
0.211991 0.212126 0.575884
0.212156 0.212748 0.575095
0.211942 0.211942 0.576117
0.211942 0.211942 0.576117
0.214266 0.220971 0.564763
0.212439 0.213819 0.573743
0.212403 0.213683 0.573914
0.212026 0.212260 0.575714
0.211942 0.211942 0.576117
0.213214 0.216803 0.569982
0.211942 0.211942 0.576117
0.211942 0.211942 0.576117
0.211942 0.211942 0.576117
0.211945 0.211955 0.576100
0.211980 0.212084 0.575936
0.212941 0.215744 0.571314
0.211951 0.211978 0.576070
0.211942 0.211942 0.576117
0.213946 0.219685 0.566369
0.576052 0.211991 0.211957
0.211942 0.211942 0.576117
0.213208 0.216778 0.570014
0.211943 0.211945 0.576112
0.212542 0.214212 0.573245
0.211942 0.211942 0.576117
0.211942 0.211945 0.576113
0.211947 0.211960 0.576093
0.213825 0.219204 0.566971
0.212052 0.212354 0.575594
0.211942 0.211942 0.576117
0.211986 0.212107 0.575908
0.211942 0.211942 0.576117
0.211942 0.211942 0.576117
0.212024 0.212252 0.575724
0.217393 0.234290 0.548317
0.219128 0.242395 0.538477
0.211942 0.211942 0.576117
0.211942 0.211942 0.576117
0.212242 0.213073 0.574685
0.212086 0.212485 0.575429
0.211942 0.211942 0.576117
0.211942 0.211942 0.576117
0.211942 0.211942 0.576117
0.218361 0.542922 0.238717
0.211942 0.211942 0.576117
0.211942 0.211942 0.576117
0.222478 0.259961 0.517561
0.218037 0.544750 0.237213
0.575864 0.212131 0.212005
0.211942 0.211942 0.576117
0.211942 0.211942 0.576117
0.211942 0.211942 0.576117
0.211942 0.211942 0.576117
0.223365 0.265151 0.511484
0.212315 0.213348 0.574338
0.211948 0.211965 0.576087
0.211942 0.211943 0.576115
0.231445 0.338892 0.429663
0.211943 0.211947 0.576110
0.211942 0.211942 0.576117
0.213232 0.216872 0.569897
0.535596 0.238591 0.225813
0.231251 0.433149 0.335601
0.211968 0.212040 0.575992
0.211942 0.211942 0.576117
0.211951 0.211976 0.576073
0.211942 0.211942 0.576117
0.212130 0.212650 0.575219
0.212597 0.214422 0.572981
0.576045 0.211996 0.211959
0.213243 0.216917 0.569840
0.213623 0.218404 0.567973
0.212567 0.214307 0.573126
0.211942 0.211942 0.576117
0.211942 0.211942 0.576117
0.212445 0.213841 0.573714
0.226227 0.283938 0.489835
0.232564 0.362131 0.405305
0.212053 0.212361 0.575586
0.211942 0.211942 0.576117
0.211942 0.211945 0.576113
0.575726 0.212137 0.212137
0.212076 0.212445 0.575480
0.211946 0.211957 0.576097
0.211942 0.211942 0.576116
0.230354 0.446879 0.322767
0.211942 0.211942 0.576117
0.211942 0.211942 0.576117
0.232597 0.370918 0.396485
0.211942 0.211942 0.576117
0.211942 0.211942 0.576116
0.287170 0.466790 0.246040
0.211942 0.211942 0.576117
0.211942 0.211942 0.576117
0.211942 0.211942 0.576117
0.212013 0.212211 0.575776
0.211942 0.211942 0.576117
0.211942 0.211942 0.576117
0.213332 0.217263 0.569404
0.211942 0.211942 0.576116
0.211942 0.211942 0.576117
0.211942 0.211942 0.576117
0.231915 0.443833 0.324252
0.211942 0.211942 0.576117
0.214602 0.222332 0.563066
0.211942 0.211942 0.576117
0.211942 0.211942 0.576117
0.211942 0.211942 0.576117
0.211942 0.211942 0.576117
0.211942 0.211944 0.576113
0.213497 0.217911 0.568591
0.225191 0.498021 0.276788
0.211942 0.211942 0.576117
0.215392 0.225599 0.559009
0.211942 0.211942 0.576117
0.220266 0.227911 0.551824
0.217338 0.234033 0.548629
0.211942 0.211945 0.576113
0.211942 0.211942 0.576117
0.215300 0.225213 0.559487
0.212232 0.213035 0.574733
0.212102 0.212544 0.575354
0.211951 0.211978 0.576071
0.212699 0.214811 0.572490
0.211942 0.211942 0.576117
0.211942 0.211942 0.576117
0.211942 0.211942 0.576117
0.211942 0.211942 0.576117
0.211942 0.211942 0.576117
0.212017 0.212224 0.575759
0.211942 0.211942 0.576117
0.211942 0.211942 0.576117
0.225134 0.498465 0.276402
0.443856 0.303514 0.252630
0.211942 0.211942 0.576117
0.225597 0.279589 0.494814
0.211952 0.211981 0.576067
0.212518 0.214119 0.573364
0.212013 0.212210 0.575777
0.211942 0.211942 0.576116
0.211997 0.212148 0.575855
0.211969 0.212044 0.575987
0.211946 0.211956 0.576098
0.211942 0.211942 0.576116
0.212008 0.212191 0.575801
0.211944 0.211951 0.576105
0.211942 0.211942 0.576117
0.211942 0.211942 0.576117
0.211942 0.211944 0.576113
0.211984 0.212101 0.575914
0.211942 0.211942 0.576117
0.211942 0.211942 0.576117
0.211942 0.211942 0.576117
0.212384 0.213608 0.574008
0.211949 0.211971 0.576080
0.211996 0.212146 0.575858
0.211942 0.211942 0.576117
0.211942 0.211942 0.576117
0.211942 0.211942 0.576117
0.217681 0.235597 0.546722
0.211943 0.211947 0.576110
0.211942 0.211942 0.576117
0.212066 0.212410 0.575524
0.212039 0.212307 0.575654
0.213442 0.217695 0.568862
0.211942 0.211942 0.576117
0.213496 0.217907 0.568596
0.211942 0.211942 0.576117
0.227872 0.297203 0.474924
0.212092 0.212505 0.575403
0.211942 0.211942 0.576117
0.211942 0.211942 0.576117
0.212027 0.212262 0.575711
0.211942 0.211942 0.576117
0.212372 0.213566 0.574061
0.212917 0.215652 0.571431
0.211942 0.211942 0.576117
0.211942 0.211942 0.576117
0.211942 0.211942 0.576117
0.211942 0.211942 0.576117
0.212236 0.213051 0.574713
0.212243 0.213075 0.574682
0.212514 0.214105 0.573381
0.211943 0.211949 0.576108
0.211942 0.211942 0.576117
0.211942 0.211942 0.576117
0.211942 0.211942 0.576116
0.211962 0.212018 0.576020
0.211942 0.211942 0.576117
0.211942 0.211942 0.576117
0.212134 0.212663 0.575204
0.211942 0.211942 0.576117
0.211950 0.211972 0.576078
0.211942 0.211942 0.576117
0.211942 0.211942 0.576117
0.211942 0.211942 0.576117
0.211942 0.211942 0.576117
0.211944 0.211949 0.576108
0.211975 0.212068 0.575957
0.211942 0.211942 0.576117
0.211945 0.211956 0.576098
0.211942 0.211942 0.576117
0.212327 0.213394 0.574280
0.211942 0.211942 0.576117
0.211942 0.211942 0.576117
0.212184 0.212854 0.574961
0.212326 0.213389 0.574285
0.211955 0.211990 0.576055
0.211954 0.211988 0.576058
0.211942 0.211942 0.576117
0.211942 0.211942 0.576117
0.211942 0.211942 0.576117
0.218108 0.237559 0.544333
0.213023 0.216061 0.570916
0.211942 0.211942 0.576117
0.212161 0.212765 0.575075
0.211942 0.211942 0.576117
0.211942 0.211942 0.576117
0.212001 0.212165 0.575834
0.211942 0.211942 0.576117
0.574554 0.213095 0.212351
0.230941 0.330802 0.438257
0.212511 0.214093 0.573396
0.211942 0.211942 0.576117
0.212259 0.213136 0.574605
0.211942 0.211943 0.576115
0.212762 0.215052 0.572186
0.231781 0.345294 0.422924
0.212013 0.212209 0.575779
0.212034 0.212287 0.575679
0.211943 0.211948 0.576109
0.211942 0.211942 0.576117
0.211942 0.211942 0.576117
0.211942 0.211942 0.576117
0.211942 0.211942 0.576117
0.211942 0.211942 0.576117
0.211968 0.212041 0.575991
0.211942 0.211942 0.576117
0.212123 0.212621 0.575256
0.211942 0.211942 0.576117
0.211962 0.212019 0.576019
0.573765 0.213641 0.212595
0.211942 0.211942 0.576117
0.214579 0.222239 0.563182
0.211942 0.211942 0.576117
0.211942 0.211942 0.576117
0.211942 0.211942 0.576117
0.211942 0.211942 0.576117
0.212368 0.213551 0.574080
0.212421 0.213752 0.573827
0.212098 0.212530 0.575371
0.224199 0.270295 0.505506
0.213604 0.218331 0.568065
0.211975 0.212066 0.575960
0.211942 0.211942 0.576117
0.212311 0.213332 0.574357
0.211942 0.211942 0.576117
0.211942 0.211942 0.576117
0.211942 0.211942 0.576117
0.211942 0.211942 0.576117
0.211946 0.211959 0.576095
0.211942 0.211942 0.576117
0.211942 0.211942 0.576117
0.211955 0.211990 0.576055
0.212090 0.212499 0.575410
0.211942 0.211942 0.576116
0.211987 0.212112 0.575901
0.227514 0.294167 0.478319
0.211942 0.211942 0.576116
0.212168 0.212791 0.575041
0.220939 0.251520 0.527541
0.211942 0.211942 0.576117
0.214583 0.222255 0.563162
0.213515 0.217981 0.568504
0.218970 0.241633 0.539396
0.211942 0.211942 0.576117
0.211942 0.211942 0.576116
0.232333 0.359358 0.408309
0.211942 0.211942 0.576116
0.211942 0.211942 0.576117
0.212027 0.212263 0.575710
0.211942 0.211942 0.576117
0.211942 0.211942 0.576117
0.212222 0.212997 0.574781
0.219467 0.244048 0.536486
0.211965 0.212030 0.576005
0.212307 0.213318 0.574375
0.212574 0.214333 0.573093
0.213567 0.218186 0.568247
0.232816 0.387350 0.379834
0.219307 0.243262 0.537431
0.212907 0.215610 0.571483
0.211942 0.211942 0.576117
0.224887 0.274749 0.500365
0.211942 0.211942 0.576117
0.211942 0.211942 0.576117
0.213228 0.216857 0.569915
0.212136 0.212671 0.575193
0.211942 0.211942 0.576117
0.211942 0.211942 0.576117
0.211942 0.211942 0.576117
0.224642 0.506954 0.268404
0.212464 0.213916 0.573620
0.212027 0.212262 0.575711
0.212114 0.212590 0.575296
0.215055 0.224194 0.560751
0.232626 0.394561 0.372812
0.211942 0.211942 0.576117
0.211956 0.211995 0.576049
0.211945 0.211954 0.576101
0.226629 0.486244 0.287126
0.232681 0.378610 0.388709
0.216317 0.229537 0.554146
0.211987 0.212110 0.575903
0.211942 0.211942 0.576116
0.232483 0.364980 0.402538
0.226746 0.288023 0.485230
0.211942 0.211942 0.576117
0.211942 0.211942 0.576117
0.213894 0.219478 0.566628
0.213392 0.217497 0.569111
0.232226 0.414715 0.353059
0.211942 0.211942 0.576117
0.211942 0.211942 0.576117
0.216346 0.229661 0.553993
0.215099 0.224377 0.560524
0.212424 0.213761 0.573816
0.211942 0.211942 0.576117
0.212234 0.213043 0.574722
0.539343 0.238931 0.221726
0.211951 0.211978 0.576071
0.212360 0.213519 0.574121
0.211942 0.211942 0.576117
0.211942 0.211942 0.576117
0.211942 0.211942 0.576117
0.220045 0.246925 0.533030
0.213241 0.216907 0.569852
0.211953 0.211985 0.576061
0.211942 0.211942 0.576117
0.211942 0.211942 0.576117
0.211978 0.212080 0.575942
0.211942 0.211942 0.576117
0.211942 0.211942 0.576117
0.211984 0.212099 0.575918
0.211942 0.211942 0.576117
0.211943 0.211947 0.576110
0.211942 0.211942 0.576117
0.213419 0.217602 0.568979
0.211962 0.212019 0.576018
0.222563 0.516991 0.260446
0.221702 0.255620 0.522679
0.212728 0.214922 0.572350
0.212470 0.213937 0.573593
0.218476 0.239279 0.542245
0.211942 0.211942 0.576117
0.211942 0.211942 0.576117
0.211942 0.211942 0.576117
0.211942 0.211944 0.576113
0.211942 0.211942 0.576117
0.211942 0.211942 0.576117
0.211942 0.211942 0.576117
0.215934 0.219785 0.564281
0.211942 0.211942 0.576117
0.212065 0.212406 0.575529
0.211989 0.212120 0.575891
0.232531 0.367172 0.400297
0.212948 0.215768 0.571284
0.214745 0.222918 0.562337
0.212765 0.215066 0.572169
0.211942 0.211942 0.576117
0.212022 0.212244 0.575734
0.212475 0.213958 0.573567
0.211943 0.211947 0.576110
0.211942 0.211942 0.576117
0.211942 0.211942 0.576117
0.211942 0.211942 0.576117
0.211942 0.211942 0.576117
0.211972 0.212055 0.575973
0.211942 0.211942 0.576117
0.211978 0.212077 0.575946
0.211987 0.212111 0.575903
0.212560 0.214282 0.573158
0.246521 0.422209 0.331269
0.213073 0.216254 0.570673
0.211942 0.211942 0.576117
0.211942 0.211942 0.576117
0.211942 0.211942 0.576117
0.211942 0.211942 0.576117
0.211942 0.211942 0.576117
0.215699 0.226890 0.557411
0.215284 0.225147 0.559569
0.211965 0.212030 0.576004
0.211942 0.211942 0.576117
0.211942 0.211942 0.576117
0.211942 0.211942 0.576117
0.211942 0.211942 0.576117
0.211942 0.211942 0.576117
0.211945 0.211953 0.576103
0.211942 0.211942 0.576117
0.212077 0.212450 0.575473
0.212083 0.212473 0.575444
0.215870 0.227618 0.556512
0.214314 0.221163 0.564523
0.211942 0.211942 0.576117
0.212010 0.212200 0.575790
0.211942 0.211942 0.576117
0.211942 0.211942 0.576116
0.211942 0.211942 0.576117
0.212619 0.214507 0.572874
0.212690 0.214778 0.572531
0.211942 0.211942 0.576117
0.212168 0.212793 0.575039
0.211942 0.211942 0.576117
0.211942 0.211942 0.576117
0.220395 0.248706 0.530899
0.211946 0.211960 0.576093
0.212703 0.214827 0.572470
0.211942 0.211942 0.576117
0.211942 0.211942 0.576117
0.211944 0.211951 0.576105
0.211977 0.212074 0.575949
0.229893 0.452895 0.317212
0.211942 0.211942 0.576117
0.218761 0.240631 0.540608
0.212106 0.212560 0.575334
0.227260 0.292078 0.480662
0.213503 0.217934 0.568563
0.212137 0.212674 0.575189
0.298032 0.454025 0.247942
0.220506 0.530425 0.249070
0.211942 0.211942 0.576117
0.211959 0.212003 0.576038
0.220042 0.246912 0.533046
0.211942 0.211942 0.576117
0.211942 0.211942 0.576117
0.212003 0.212172 0.575826
0.211942 0.211942 0.576117
0.211942 0.211942 0.576117
0.212480 0.213977 0.573543
0.212105 0.212556 0.575338
0.211942 0.211942 0.576117
0.211960 0.212011 0.576028
0.228628 0.304033 0.467339
0.222252 0.258678 0.519070
0.212624 0.214525 0.572851
0.214145 0.220485 0.565369
0.224328 0.271112 0.504560
0.568968 0.216703 0.214329
0.211942 0.211942 0.576117
0.221821 0.256276 0.521903
0.211944 0.211949 0.576107
0.213053 0.216177 0.570770
0.213965 0.219763 0.566272
0.212700 0.214817 0.572483
0.212323 0.213379 0.574298
0.211942 0.211942 0.576117
0.211949 0.211968 0.576083
0.211970 0.212049 0.575980
0.212410 0.213707 0.573883
0.211942 0.211942 0.576117
0.216965 0.550904 0.232132
0.211942 0.211942 0.576117
0.211942 0.211942 0.576117
0.233878 0.391668 0.374453
0.211942 0.211942 0.576117
0.211942 0.211942 0.576117
0.211942 0.211942 0.576117
0.212035 0.212293 0.575672
0.216880 0.231998 0.551123
0.211942 0.211942 0.576116
0.211943 0.211948 0.576109
0.211942 0.211944 0.576114
0.576093 0.211960 0.211947
0.212071 0.212426 0.575504
0.212424 0.213762 0.573814
0.211942 0.211942 0.576117
0.211943 0.211947 0.576109
0.211988 0.212114 0.575898
0.211942 0.211942 0.576116
0.213163 0.216605 0.570232
0.212418 0.213737 0.573845
0.219924 0.246315 0.533761
0.212021 0.212241 0.575738
0.211942 0.211942 0.576117
0.211942 0.211942 0.576117
0.212032 0.212279 0.575689
0.215536 0.226200 0.558264
0.211942 0.211945 0.576112
0.532016 0.246065 0.221919
0.219752 0.245460 0.534788
0.211942 0.211942 0.576117
0.211942 0.211942 0.576117
0.211942 0.211942 0.576117
0.211942 0.211942 0.576117
0.211942 0.211942 0.576117
0.211943 0.211948 0.576109
0.211942 0.211942 0.576117
0.211942 0.211942 0.576117
0.225971 0.282246 0.491782
0.231850 0.346729 0.421421
0.211942 0.211942 0.576117
0.450345 0.314073 0.235582
0.212104 0.212552 0.575344
0.228963 0.307282 0.463755
0.211942 0.211942 0.576117
0.218684 0.240263 0.541054
0.211971 0.212051 0.575979
0.217562 0.235056 0.547382
0.211960 0.212010 0.576030
0.213583 0.218248 0.568169
0.211986 0.212107 0.575907
0.213400 0.217528 0.569073
0.213077 0.216268 0.570655
0.225146 0.498366 0.276488
0.212679 0.214733 0.572588
0.211942 0.211942 0.576117
0.212391 0.213636 0.573973
0.212468 0.213931 0.573601
0.229391 0.459101 0.311509
0.230518 0.444580 0.324902
0.211942 0.211943 0.576116
0.446570 0.230378 0.323052
0.211942 0.211942 0.576117
0.575295 0.212537 0.212168
0.212021 0.212241 0.575738
0.231324 0.336823 0.431853
0.212135 0.212668 0.575197
0.218597 0.239852 0.541550
0.211973 0.212058 0.575969
0.211942 0.211942 0.576117
0.217327 0.233995 0.548678
0.220196 0.247690 0.532114
0.214252 0.220912 0.564836
0.211944 0.211949 0.576107
0.211942 0.211942 0.576117
0.212807 0.215226 0.571968
0.211951 0.211976 0.576073
0.231142 0.435004 0.333854
0.211942 0.211942 0.576117
0.216593 0.230737 0.552670
0.211942 0.211942 0.576117
0.211942 0.211942 0.576117
0.212027 0.212260 0.575713
0.215410 0.225673 0.558917
0.211942 0.211942 0.576117
0.211943 0.211948 0.576109
0.212455 0.213882 0.573663
0.211942 0.211942 0.576117
0.211942 0.211942 0.576117
0.212132 0.212656 0.575212
0.212167 0.212789 0.575045
0.211942 0.211942 0.576117
0.211942 0.211942 0.576117
0.211942 0.211942 0.576117
0.211952 0.211982 0.576066
0.213241 0.216909 0.569850
0.211942 0.211942 0.576117
0.211979 0.212082 0.575939
0.211942 0.211944 0.576113
0.215094 0.224355 0.560551
0.212070 0.212422 0.575508
0.212000 0.212160 0.575840
0.211998 0.212153 0.575850
0.212046 0.212333 0.575621
0.212149 0.212720 0.575131
0.212858 0.215424 0.571717
0.211942 0.211942 0.576117
0.212142 0.212694 0.575164
0.211943 0.211947 0.576109
0.211942 0.211942 0.576117
0.211947 0.211961 0.576092
0.216315 0.229525 0.554160
0.211942 0.211942 0.576117
0.212187 0.212865 0.574947
0.211942 0.211942 0.576117
0.232359 0.407388 0.360253
0.211942 0.211942 0.576117
0.212067 0.212411 0.575522
0.212201 0.212918 0.574881
0.211942 0.211942 0.576117
0.211942 0.211942 0.576117
0.225551 0.495180 0.279268
0.211942 0.211942 0.576117
0.211942 0.211942 0.576117
0.211946 0.211959 0.576094
0.211942 0.211942 0.576117
0.211942 0.211943 0.576115
0.212808 0.215229 0.571963
0.211988 0.212116 0.575896
0.211942 0.211942 0.576117
0.211942 0.211942 0.576117
0.211942 0.211942 0.576117
0.211942 0.211942 0.576117
0.211942 0.211942 0.576117
0.211942 0.211942 0.576117
0.211942 0.211942 0.576116
0.213550 0.218117 0.568333
0.212005 0.212180 0.575814
0.232402 0.361750 0.405848
0.219246 0.242969 0.537785
0.211944 0.211952 0.576103
0.211942 0.211942 0.576117
0.211942 0.211942 0.576117
0.211942 0.211942 0.576117
0.213776 0.219010 0.567215
0.213805 0.219128 0.567067
0.211942 0.211942 0.576117
0.211942 0.211942 0.576117
0.211942 0.211942 0.576117
0.211942 0.211942 0.576117
0.211962 0.212018 0.576021
0.214438 0.221667 0.563895
0.228077 0.298988 0.472935
0.212618 0.214502 0.572880
0.213018 0.216043 0.570939
0.211942 0.211942 0.576117
0.213255 0.216961 0.569784
0.211942 0.211942 0.576117
0.211942 0.211942 0.576117
0.211942 0.211942 0.576117
0.211942 0.211942 0.576117
0.211942 0.211942 0.576117
0.212780 0.215122 0.572098
0.214450 0.221716 0.563833
0.211942 0.211942 0.576117
0.213941 0.219668 0.566391
0.211942 0.211942 0.576117
0.211942 0.211943 0.576115
0.219784 0.245616 0.534600
0.211951 0.211978 0.576071
0.211945 0.211954 0.576101
0.211955 0.211990 0.576055
0.211942 0.211944 0.576114
0.211942 0.211942 0.576116
0.211942 0.211942 0.576116
0.212017 0.212226 0.575757
0.361170 0.277412 0.361418
0.212388 0.213625 0.573987
0.211942 0.211942 0.576117
0.219796 0.245679 0.534525
0.211972 0.212055 0.575973
0.211942 0.211944 0.576114
0.211950 0.211974 0.576076
0.212166 0.212785 0.575049
0.211944 0.211951 0.576105
0.211942 0.211942 0.576117
0.212139 0.212682 0.575179
0.220150 0.247454 0.532396
0.211942 0.211942 0.576117
0.212401 0.213676 0.573923
0.212257 0.213130 0.574613
0.231181 0.334480 0.434339
0.212531 0.214171 0.573298
0.212080 0.212461 0.575459
0.211942 0.211942 0.576117
0.211942 0.211942 0.576117
0.211943 0.211946 0.576112
0.211942 0.211942 0.576117
0.575907 0.212099 0.211993
0.211942 0.211942 0.576117
0.211942 0.211942 0.576117
0.211942 0.211942 0.576117
0.213429 0.217641 0.568931
0.213291 0.217101 0.569608
0.211942 0.211942 0.576117
0.213001 0.215974 0.571025
0.211942 0.211942 0.576116
0.228434 0.302218 0.469348
0.212710 0.572438 0.214853
0.211942 0.211942 0.576117
0.211989 0.212121 0.575890
0.211942 0.211942 0.576117
0.212021 0.212241 0.575737
0.211942 0.211942 0.576116
0.211942 0.211942 0.576117
0.211942 0.211942 0.576117
0.211942 0.211942 0.576117
0.212626 0.214532 0.572842
0.211942 0.211942 0.576117
0.225908 0.281789 0.492303
0.211942 0.211942 0.576117
0.211942 0.211942 0.576117
0.211944 0.211951 0.576105
0.576015 0.212019 0.211966
0.211942 0.211943 0.576115
0.211947 0.211961 0.576092
0.211953 0.211986 0.576061
0.212500 0.214050 0.573450
0.211942 0.211942 0.576117
0.211942 0.211942 0.576117
0.211942 0.211942 0.576117
0.213231 0.216868 0.569901
0.217158 0.233236 0.549606
0.211942 0.211942 0.576117
0.211942 0.211942 0.576117
0.211942 0.211942 0.576117
0.211942 0.211942 0.576117
0.211942 0.211942 0.576117
0.223766 0.508817 0.267418
0.211942 0.211942 0.576117
0.211942 0.211942 0.576117
0.213008 0.216002 0.570990
0.212334 0.213421 0.574244
0.221558 0.254838 0.523604
0.211942 0.211942 0.576117
0.211946 0.211959 0.576095
0.211942 0.211942 0.576117
0.211942 0.211942 0.576116
0.212319 0.213364 0.574317
0.211943 0.211947 0.576110
0.211988 0.212117 0.575894
0.211942 0.211942 0.576117
0.231886 0.347524 0.420589
0.212252 0.213110 0.574638
0.211942 0.211942 0.576117
0.211942 0.211942 0.576117
0.211943 0.211948 0.576109
0.211942 0.211942 0.576117
0.211942 0.211942 0.576117
0.211942 0.211944 0.576114
0.211942 0.211942 0.576117
0.212195 0.212894 0.574911
0.219725 0.245322 0.534953
0.211942 0.211942 0.576117
0.576005 0.212026 0.211969
0.212038 0.212303 0.575660
0.211942 0.211942 0.576117
0.211985 0.212106 0.575908
0.217599 0.235223 0.547179
0.212238 0.213059 0.574703
0.211993 0.212133 0.575875
0.211942 0.211942 0.576117
0.232082 0.352145 0.415773
0.211942 0.211942 0.576117
0.215157 0.224618 0.560225
0.211942 0.211942 0.576117
0.215123 0.224474 0.560403
0.216858 0.231901 0.551241
0.213314 0.217191 0.569496
0.211942 0.211942 0.576117
0.211942 0.211942 0.576117
0.218988 0.241716 0.539296
0.231515 0.340154 0.428331
0.211946 0.211958 0.576096
0.214241 0.220869 0.564890
0.212205 0.212934 0.574861
0.211966 0.212032 0.576002
0.211958 0.212005 0.576037
0.212000 0.212161 0.575838
0.211942 0.211942 0.576117
0.454427 0.254720 0.290854
0.211942 0.211942 0.576117
0.211942 0.211942 0.576117
0.211942 0.211942 0.576117
0.224462 0.503563 0.271975
0.211942 0.211942 0.576117
0.211961 0.212015 0.576024
0.211945 0.211956 0.576099
0.211951 0.211977 0.576072
0.576103 0.211952 0.211944
0.211942 0.211942 0.576117
0.211942 0.211942 0.576117
0.211942 0.211942 0.576117
0.211942 0.211942 0.576117
0.211942 0.211942 0.576117
0.212049 0.212343 0.575608
0.211946 0.211957 0.576098
0.222898 0.514718 0.262384
0.211942 0.211942 0.576117
0.211964 0.212026 0.576010
0.212468 0.213928 0.573604
0.211942 0.211942 0.576117
0.211942 0.211942 0.576117
0.211942 0.211942 0.576117
0.211942 0.211942 0.576117
0.211942 0.211942 0.576117
0.211942 0.211942 0.576117
0.212051 0.212353 0.575595
0.211942 0.211944 0.576113
0.211951 0.211975 0.576074
0.232114 0.352954 0.414932
0.211942 0.211942 0.576117
0.211942 0.211942 0.576117
0.211942 0.211942 0.576117
0.211942 0.211942 0.576117
0.211979 0.212081 0.575940
0.211942 0.211942 0.576117
0.211942 0.211942 0.576117
0.212212 0.212959 0.574829
0.211942 0.211942 0.576117
0.211942 0.211942 0.576117
0.211947 0.211960 0.576093
0.211942 0.211942 0.576117
0.211956 0.211995 0.576049
0.211942 0.211942 0.576117
0.212502 0.214061 0.573437
0.218868 0.540243 0.240889
0.211968 0.212042 0.575989
0.211942 0.211942 0.576117
0.211942 0.211942 0.576117
0.211942 0.211942 0.576117
0.211942 0.211942 0.576117
0.211942 0.211942 0.576117
0.212028 0.212268 0.575704
0.211942 0.211942 0.576117
0.220296 0.531507 0.248197
0.211942 0.211942 0.576117
0.212003 0.212172 0.575825
0.213171 0.216636 0.570193
0.211950 0.211973 0.576077
0.576009 0.212022 0.211970
0.211945 0.211956 0.576099
0.211942 0.211942 0.576117
0.212103 0.212549 0.575348
0.213162 0.216601 0.570236
0.212088 0.212491 0.575421
0.211942 0.211942 0.576117
0.573696 0.213004 0.213299
0.215456 0.225867 0.558677
0.212913 0.215635 0.571451
0.211942 0.211942 0.576117
0.211942 0.211942 0.576117
0.223520 0.266085 0.510395
0.211943 0.211948 0.576108
0.258080 0.448548 0.293372
0.212075 0.212443 0.575482
0.211942 0.211942 0.576117
0.211942 0.211942 0.576117
0.211942 0.211942 0.576117
0.225402 0.278236 0.496362
0.232651 0.374996 0.392353
0.211942 0.211942 0.576117
0.211942 0.211944 0.576113
0.211944 0.211952 0.576104
0.211948 0.211965 0.576087
0.211942 0.211942 0.576117
0.211986 0.212110 0.575904
0.211957 0.212000 0.576043
0.213374 0.217426 0.569201
0.212274 0.213192 0.574535
0.212064 0.212402 0.575534
0.213178 0.216662 0.570159
0.211942 0.211942 0.576117
0.211942 0.211942 0.576117
0.211980 0.212086 0.575934
0.211942 0.211942 0.576117
0.227333 0.292672 0.479995
0.211942 0.211942 0.576117
0.211942 0.211942 0.576117
0.211942 0.211942 0.576117
0.211942 0.211942 0.576117
0.211950 0.211974 0.576076
0.211942 0.211942 0.576117
0.211942 0.211942 0.576117
0.211942 0.211942 0.576117
0.576105 0.211951 0.211944
0.231039 0.332268 0.436693
0.212283 0.213229 0.574488
0.211981 0.212090 0.575929
0.212512 0.214096 0.573393
0.211942 0.211942 0.576117
0.216729 0.231335 0.551935
0.211942 0.211942 0.576117
0.211995 0.212141 0.575864
0.211942 0.211942 0.576117
0.212433 0.213165 0.574402
0.575938 0.212077 0.211985
0.216867 0.231941 0.551192
0.211942 0.211942 0.576117
0.211942 0.211942 0.576117
0.211942 0.211942 0.576117
0.211943 0.211946 0.576111
0.211942 0.211942 0.576117
0.211942 0.211942 0.576117
0.261032 0.284324 0.454644
0.211943 0.211949 0.576108
0.212779 0.215118 0.572104
0.229296 0.310662 0.460042
0.225007 0.275553 0.499439
0.230738 0.441366 0.327896
0.225705 0.280348 0.493947
0.232440 0.363200 0.404360
0.211942 0.211942 0.576117
0.211942 0.211943 0.576115
0.211942 0.211942 0.576117
0.211948 0.211966 0.576086
0.212519 0.214125 0.573356
0.212001 0.212163 0.575836
0.232575 0.397851 0.369574
0.212088 0.212491 0.575421
0.229739 0.315451 0.454810
0.212568 0.214309 0.573124
0.211964 0.212025 0.576011
0.212390 0.213634 0.573975
0.211942 0.211942 0.576117
0.212182 0.212845 0.574973
0.212201 0.212916 0.574884
0.211942 0.211942 0.576117
0.211942 0.211942 0.576117
0.212078 0.212452 0.575470
0.212293 0.213267 0.574440
0.214956 0.223784 0.561260
0.211991 0.212127 0.575882
0.211942 0.211942 0.576117
0.211942 0.211942 0.576117
0.572378 0.212754 0.214868
0.211942 0.211942 0.576117
0.211942 0.211942 0.576117
0.211992 0.212131 0.575876
0.211942 0.211942 0.576117
0.211942 0.211942 0.576117
0.211942 0.211944 0.576114
0.212237 0.213052 0.574711
0.211944 0.211950 0.576107
0.211942 0.211942 0.576117
0.212044 0.212325 0.575631
0.216943 0.232278 0.550779
0.212646 0.214610 0.572744
0.212781 0.215127 0.572092
0.232631 0.373271 0.394098
0.567698 0.216818 0.215484
0.212174 0.212814 0.575012
0.225514 0.279005 0.495481
0.213625 0.218416 0.567959
0.225670 0.280101 0.494229
0.212007 0.212188 0.575804
0.211971 0.212051 0.575978
0.212635 0.214567 0.572797
0.211942 0.211942 0.576117
0.211947 0.211960 0.576093
0.211942 0.211942 0.576117
0.211942 0.211942 0.576117
0.229001 0.463342 0.307657
0.211942 0.211942 0.576117
0.229005 0.307695 0.463300
0.214571 0.222204 0.563225
0.220412 0.248791 0.530797
0.211942 0.211942 0.576117
0.214242 0.220874 0.564885
0.223705 0.267215 0.509080
0.211954 0.211988 0.576057
0.230318 0.447353 0.322329
0.213001 0.215977 0.571022
0.215201 0.224798 0.560001
0.211942 0.211942 0.576117
0.212998 0.215964 0.571037
0.211942 0.211945 0.576112
0.216272 0.229341 0.554387
0.211942 0.211942 0.576117
0.211942 0.211942 0.576117
0.211942 0.211942 0.576117
0.211942 0.211942 0.576117
0.211942 0.211942 0.576117
0.211942 0.211942 0.576117
0.211942 0.211942 0.576117
0.222338 0.518690 0.258973
0.221331 0.253614 0.525056
0.212195 0.212895 0.574909
0.213916 0.219566 0.566518
0.224490 0.541731 0.233779
0.212619 0.214506 0.572875
0.221199 0.252910 0.525891
0.212850 0.215390 0.571760
0.217274 0.233755 0.548972
0.211944 0.211952 0.576103
0.212048 0.212341 0.575611
0.219663 0.243756 0.536581
0.218078 0.237421 0.544502
0.240883 0.318812 0.440304
0.211992 0.212130 0.575878
0.211942 0.211942 0.576117
0.576111 0.211946 0.211943
0.211942 0.211942 0.576117
0.211993 0.212133 0.575875
0.215005 0.223987 0.561008
0.212431 0.213787 0.573782
0.211942 0.211942 0.576117
0.212911 0.215628 0.571461
0.232565 0.368979 0.398456
0.216849 0.231864 0.551287
0.221136 0.252576 0.526288
0.211942 0.211942 0.576117
0.220035 0.246872 0.533093
0.211942 0.211942 0.576117
0.222021 0.520597 0.257383
0.212598 0.214427 0.572975
0.222966 0.262780 0.514254
0.211942 0.211942 0.576117
0.211946 0.211959 0.576095
0.211942 0.211942 0.576117
0.211942 0.211942 0.576117
0.211942 0.211943 0.576115
0.223171 0.263990 0.512839
0.211942 0.211943 0.576116
0.211942 0.211942 0.576117
0.212660 0.214664 0.572676
0.212097 0.212524 0.575380
0.211942 0.211944 0.576113
0.215771 0.227196 0.557032
0.212136 0.212672 0.575193
0.211983 0.212096 0.575921
0.211942 0.211945 0.576113
0.212215 0.212970 0.574815
0.211942 0.211942 0.576117
0.211942 0.211942 0.576117
0.211944 0.211951 0.576105
0.211963 0.212022 0.576014
0.211942 0.211942 0.576117
0.212119 0.212608 0.575273
0.212167 0.212790 0.575043
0.211945 0.211956 0.576099
0.211954 0.211987 0.576059
0.211942 0.211942 0.576117
0.211957 0.211998 0.576046
0.213027 0.216074 0.570899
0.223425 0.265511 0.511064
0.212081 0.212467 0.575452
0.213435 0.217667 0.568898
0.211978 0.212078 0.575944
0.232302 0.327055 0.440642
0.213510 0.217961 0.568529
0.211942 0.211943 0.576115
0.213272 0.217029 0.569698
0.225408 0.278273 0.496319
0.211942 0.211942 0.576117
0.211942 0.211942 0.576117
0.230641 0.326551 0.442807
0.211942 0.211942 0.576117
0.212706 0.214837 0.572457
0.212263 0.213151 0.574587
0.226596 0.286874 0.486529
0.211942 0.211942 0.576117
0.211942 0.211942 0.576117
0.211975 0.212066 0.575959
0.575279 0.212502 0.212219
0.231735 0.426577 0.341687
0.211942 0.211942 0.576117
0.228227 0.300334 0.471439
0.216002 0.228180 0.555818
0.231797 0.422592 0.345611
0.211942 0.211942 0.576117
0.228800 0.305685 0.465515
0.212099 0.212534 0.575367
0.217992 0.237024 0.544984
0.212044 0.212326 0.575630
0.211957 0.212000 0.576042
0.211971 0.212052 0.575976
0.212045 0.212328 0.575627
0.211942 0.211942 0.576117
0.211942 0.211942 0.576117
0.222634 0.260856 0.516510
0.211987 0.212114 0.575899
0.211954 0.211987 0.576060
0.211942 0.211942 0.576117
0.212761 0.215050 0.572189
0.219078 0.538772 0.242150
0.211987 0.212111 0.575902
0.212048 0.212340 0.575612
0.227270 0.238194 0.534536
0.211942 0.211942 0.576117
0.212475 0.213955 0.573570
0.212293 0.213264 0.574443
0.211942 0.211942 0.576116
0.211942 0.211942 0.576117
0.211942 0.211942 0.576117
0.211942 0.211942 0.576117
0.211943 0.211946 0.576111
0.215622 0.226565 0.557812
0.218363 0.238751 0.542886
0.211988 0.212048 0.575964
0.211942 0.211942 0.576116
0.213119 0.216433 0.570448
0.212057 0.212374 0.575569
0.211942 0.211942 0.576117
0.211942 0.211942 0.576117
0.211942 0.211942 0.576117
0.211942 0.211942 0.576116
0.211942 0.211942 0.576117
0.280677 0.286431 0.432893
0.211942 0.211942 0.576117
0.211942 0.211942 0.576117
0.211942 0.211942 0.576117
0.211942 0.211942 0.576117
0.211942 0.211942 0.576117
0.214160 0.220230 0.565610
0.211998 0.212152 0.575851
0.211942 0.211942 0.576117
0.211942 0.211942 0.576117
0.211942 0.211942 0.576117
0.211942 0.211942 0.576117
0.211942 0.211942 0.576117
0.213505 0.217942 0.568553
0.211942 0.211942 0.576117
0.212329 0.213403 0.574268
0.212088 0.212492 0.575420
0.211942 0.211942 0.576117
0.211942 0.211942 0.576117
0.232103 0.415225 0.352672
0.212311 0.213334 0.574355
0.211994 0.212137 0.575869
0.212013 0.212208 0.575779
0.211942 0.211942 0.576117
0.211985 0.212106 0.575909
0.211942 0.211942 0.576116
0.212457 0.213887 0.573656
0.211958 0.212005 0.576037
0.211942 0.211942 0.576117
0.212041 0.212314 0.575645
0.211953 0.211985 0.576062
0.211942 0.211942 0.576117
0.211957 0.212000 0.576043
0.214222 0.220795 0.564982
0.211942 0.211942 0.576117
0.211948 0.211965 0.576087
0.211943 0.211946 0.576112
0.212417 0.213734 0.573850
0.213145 0.216532 0.570323
0.214155 0.220526 0.565319
0.213407 0.217555 0.569038
0.225267 0.277307 0.497427
0.212007 0.212187 0.575806
0.211963 0.212020 0.576017
0.211942 0.211942 0.576116
0.212014 0.212214 0.575772
0.212005 0.212180 0.575815
0.211945 0.211954 0.576101
0.232473 0.364536 0.402991
0.218415 0.238994 0.542591
0.212401 0.213675 0.573924
0.231651 0.342697 0.425651
0.219563 0.244523 0.535914
0.212008 0.212193 0.575799
0.216252 0.229254 0.554494
0.219461 0.244018 0.536521
0.211942 0.211942 0.576117
0.211942 0.211942 0.576117
0.212892 0.215555 0.571552
0.214866 0.223412 0.561722
0.211945 0.211956 0.576099
0.212208 0.212942 0.574851
0.212006 0.212185 0.575809
0.212031 0.212277 0.575692
0.212052 0.212357 0.575591
0.212061 0.212390 0.575549
0.211942 0.211942 0.576117
0.211945 0.211953 0.576102
0.212009 0.212194 0.575797
0.211943 0.211949 0.576108
0.211942 0.211942 0.576117
0.213071 0.216245 0.570684
0.212008 0.212193 0.575799
0.211972 0.212055 0.575973
0.223461 0.265726 0.510813
0.211942 0.211942 0.576117
0.221815 0.523402 0.254783
0.212070 0.212424 0.575505
0.227873 0.297207 0.474920
0.213371 0.217415 0.569214
0.212448 0.213853 0.573699
0.212442 0.213829 0.573729
0.212022 0.212243 0.575735
0.211951 0.211977 0.576072
0.211942 0.211942 0.576117
0.211942 0.211942 0.576117
0.212007 0.212189 0.575804
0.213088 0.216312 0.570600
0.211942 0.211942 0.576116
0.211984 0.212100 0.575917
0.211945 0.211956 0.576098
0.214103 0.220317 0.565579
0.212853 0.215402 0.571745
0.212196 0.212897 0.574907
0.213852 0.219313 0.566835
0.229633 0.314278 0.456089
0.211942 0.211942 0.576117
0.232684 0.371538 0.395778
0.211942 0.211942 0.576117
0.212086 0.212484 0.575430
0.211942 0.211942 0.576117
0.211942 0.211942 0.576117
0.212086 0.212485 0.575429
0.227050 0.290399 0.482551
0.214573 0.222214 0.563213
0.212636 0.214571 0.572793
0.218692 0.240302 0.541006
0.212005 0.212179 0.575816
0.212054 0.212362 0.575584
0.212099 0.212533 0.575368
0.212015 0.212218 0.575767
0.211944 0.211951 0.576105
0.211962 0.212019 0.576019
0.212380 0.213594 0.574027
0.221721 0.255728 0.522551
0.212077 0.212450 0.575473
0.211955 0.211991 0.576054
0.212153 0.212708 0.575139
0.211942 0.211942 0.576117
0.211954 0.211989 0.576056
0.215071 0.224258 0.560671
0.211942 0.211942 0.576117
0.211973 0.212061 0.575966
0.216188 0.228980 0.554832
0.302197 0.440158 0.257646
0.211976 0.212072 0.575952
0.214059 0.220138 0.565803
0.211942 0.211942 0.576117
0.220389 0.248676 0.530935
0.212082 0.212470 0.575447
0.211986 0.212110 0.575904
0.576043 0.211998 0.211960
0.216126 0.227990 0.555884
0.211946 0.211958 0.576097
0.212902 0.215591 0.571507
0.216077 0.228503 0.555419
0.213124 0.216454 0.570422
0.212282 0.213224 0.574493
0.216444 0.230086 0.553471
0.212647 0.214612 0.572741
0.212069 0.212420 0.575511
0.211942 0.211942 0.576117
0.212045 0.212330 0.575624
0.211982 0.212091 0.575927
0.212078 0.212454 0.575468
0.211994 0.212139 0.575867
0.526726 0.248845 0.224429
0.211942 0.211942 0.576117
0.212067 0.212411 0.575522
0.211942 0.211942 0.576117
0.211942 0.211942 0.576117
0.211992 0.212132 0.575875
0.212249 0.213097 0.574654
0.211944 0.211950 0.576106
0.213148 0.216544 0.570308
0.211942 0.211942 0.576117
0.211942 0.211943 0.576115
0.211942 0.211942 0.576117
0.213566 0.218179 0.568255
0.211966 0.212033 0.576001
0.211998 0.212153 0.575849
0.216494 0.230307 0.553199
0.211971 0.212053 0.575975
0.212162 0.212768 0.575070
0.212491 0.214017 0.573492
0.211942 0.211942 0.576117
0.212144 0.212702 0.575154
0.212490 0.213985 0.573525
0.211942 0.211942 0.576117
0.211942 0.211942 0.576117
0.212173 0.212813 0.575014
0.213242 0.216910 0.569849
0.211956 0.211997 0.576047
0.219680 0.245099 0.535222
0.212031 0.212276 0.575693
0.563463 0.221324 0.215213
0.211943 0.211946 0.576111
0.211942 0.211945 0.576113
0.231373 0.337640 0.430987
0.221396 0.253965 0.524639
0.212584 0.214371 0.573045
0.225378 0.278071 0.496550
0.575944 0.212072 0.211984
0.212337 0.213430 0.574233
0.212336 0.213429 0.574235
0.211942 0.211942 0.576117
0.211945 0.211954 0.576102
0.212162 0.212770 0.575068
0.575694 0.212128 0.212178
0.211942 0.211942 0.576117
0.211964 0.212021 0.576015
0.211942 0.211942 0.576117
0.211966 0.212031 0.576003
0.212338 0.213435 0.574227
0.226897 0.289193 0.483910
0.231803 0.345751 0.422445
0.213049 0.216160 0.570791
0.211942 0.211942 0.576117
0.217040 0.232709 0.550251
0.211970 0.212049 0.575981
0.226393 0.285341 0.488266
0.212118 0.212603 0.575279
0.211942 0.211942 0.576117
0.211942 0.211942 0.576117
0.212238 0.213057 0.574705
0.211942 0.211942 0.576117
0.217191 0.233384 0.549425
0.211943 0.211946 0.576112
0.212005 0.212180 0.575815
0.232575 0.369558 0.397867
0.576050 0.211994 0.211956
0.211954 0.211987 0.576059
0.232675 0.390576 0.376749
0.211954 0.211987 0.576060
0.211943 0.211948 0.576109
0.211942 0.211942 0.576117
0.211954 0.211988 0.576059
0.211942 0.211942 0.576117
0.212975 0.215875 0.571150
0.227003 0.290028 0.482968
0.215333 0.225352 0.559315
0.211942 0.211943 0.576115
0.218092 0.237484 0.544424
0.214396 0.221497 0.564106
0.211942 0.211942 0.576117
0.212259 0.213137 0.574603
0.576051 0.211992 0.211958
0.232698 0.384215 0.383087
0.214411 0.221555 0.564035
0.211951 0.211975 0.576074
0.212071 0.212426 0.575503
0.226143 0.283493 0.490363
0.211942 0.211942 0.576117
0.230888 0.330017 0.439095
0.211942 0.211942 0.576117
0.212105 0.212554 0.575341
0.213329 0.217251 0.569420
0.212259 0.213137 0.574604
0.212039 0.212306 0.575655
0.229757 0.315663 0.454579
0.212032 0.212282 0.575685
0.574809 0.212928 0.212263
0.216826 0.231761 0.551413
0.212136 0.212674 0.575190
0.211942 0.211942 0.576117
0.211942 0.211942 0.576117
0.213806 0.219131 0.567063
0.212089 0.212495 0.575416
0.237504 0.471925 0.290572
0.211986 0.212108 0.575907
0.211953 0.211984 0.576063
0.232766 0.393508 0.373726
0.211942 0.211942 0.576117
0.215990 0.228130 0.555880
0.444861 0.257813 0.297326
0.212831 0.215320 0.571849
0.211990 0.212124 0.575885
0.234517 0.413299 0.352185
0.211942 0.211942 0.576117
0.211950 0.211975 0.576075
0.211942 0.211943 0.576115
0.211942 0.211942 0.576117
0.212018 0.212228 0.575754
0.211942 0.211942 0.576117
0.211995 0.212141 0.575864
0.213372 0.217418 0.569211
0.212087 0.212488 0.575425
0.215842 0.227496 0.556662
0.211942 0.211942 0.576117
0.231938 0.419371 0.348691
0.212153 0.212736 0.575111
0.211942 0.211942 0.576117
0.211948 0.211967 0.576084
0.211946 0.211959 0.576095
0.227457 0.293690 0.478853
0.211942 0.211942 0.576117
0.214480 0.221837 0.563683
0.211942 0.211942 0.576117
0.223155 0.263899 0.512946
0.212549 0.214239 0.573211
0.214365 0.221369 0.564267
0.212099 0.212533 0.575368
0.232546 0.399490 0.367964
0.211942 0.211942 0.576117
0.212711 0.214856 0.572434
0.211948 0.211966 0.576086
0.212074 0.212440 0.575486
0.213265 0.217003 0.569732
0.211946 0.211959 0.576095
0.211986 0.212108 0.575906
0.211988 0.212116 0.575896
0.213248 0.216936 0.569816
0.211942 0.211942 0.576117
0.212155 0.212745 0.575100
0.230285 0.447856 0.321860
0.211944 0.211949 0.576107
0.213143 0.216525 0.570332
0.212685 0.214759 0.572556
0.211972 0.212054 0.575974
0.211942 0.211942 0.576117
0.220336 0.538676 0.240988
0.211944 0.211950 0.576107
0.211942 0.211942 0.576117
0.211946 0.211958 0.576096
0.211942 0.211942 0.576117
0.212230 0.213025 0.574745
0.211942 0.211942 0.576117
0.211967 0.212036 0.575998
0.239889 0.520907 0.239204
0.211942 0.211942 0.576117
0.576037 0.212002 0.211961
0.212024 0.212251 0.575725
0.211942 0.211942 0.576117
0.211942 0.211942 0.576117
0.211942 0.211942 0.576117
0.212054 0.212365 0.575580
0.358148 0.238596 0.403256
0.212110 0.212575 0.575315
0.212352 0.213490 0.574157
0.211942 0.211942 0.576116
0.223373 0.265199 0.511427
0.576062 0.211985 0.211953
0.219021 0.241875 0.539104
0.216500 0.230331 0.553169
0.212174 0.212817 0.575009
0.212481 0.213978 0.573541
0.213158 0.216585 0.570257
0.212759 0.215043 0.572198
0.214343 0.221283 0.564373
0.212718 0.214885 0.572397
0.211954 0.211988 0.576058
0.212185 0.212858 0.574956
0.211942 0.211942 0.576117
0.211942 0.211942 0.576117
0.218207 0.238020 0.543773
0.211942 0.211944 0.576114
0.213382 0.217457 0.569161
0.214235 0.220845 0.564920
0.211943 0.211948 0.576109
0.213296 0.217123 0.569581
0.211942 0.211942 0.576117
0.232436 0.363051 0.404514
0.222226 0.258531 0.519243
0.212316 0.213353 0.574331
0.211942 0.211942 0.576117
0.211942 0.211942 0.576117
0.211942 0.211942 0.576117
0.232439 0.404401 0.363160
0.213350 0.217333 0.569317
0.212013 0.212211 0.575776
0.211942 0.211942 0.576117
0.211942 0.211942 0.576117
0.211942 0.211942 0.576117
0.211942 0.211942 0.576117
0.211942 0.211942 0.576117
0.212411 0.213714 0.573875
0.211942 0.211942 0.576117
0.211942 0.211942 0.576117
0.212287 0.213241 0.574472
0.212381 0.213599 0.574020
0.219282 0.243141 0.537577
0.211942 0.211942 0.576117
0.211942 0.211942 0.576117
0.228859 0.306257 0.464883
0.211942 0.211942 0.576117
0.213820 0.219185 0.566996
0.212123 0.212623 0.575254
0.212956 0.215801 0.571243
0.212999 0.215968 0.571032
0.211950 0.211972 0.576079
0.211942 0.211942 0.576117
0.211942 0.211942 0.576117
0.212818 0.215268 0.571914
0.212048 0.212343 0.575609
0.211969 0.212046 0.575985
0.214466 0.221781 0.563753
0.212264 0.213157 0.574578
0.212629 0.214545 0.572826
0.212166 0.212783 0.575051
0.215566 0.226328 0.558107
0.211942 0.211942 0.576117
0.211942 0.211942 0.576117
0.212167 0.212790 0.575042
0.211942 0.211942 0.576117
0.215023 0.224063 0.560913
0.212489 0.214010 0.573501
0.211999 0.212156 0.575845
0.211942 0.211942 0.576117
0.211942 0.211942 0.576117
0.211942 0.211942 0.576117
0.211943 0.211946 0.576111
0.211970 0.212047 0.575983
0.215650 0.226682 0.557668
0.220127 0.247339 0.532534
0.213555 0.218136 0.568310
0.211942 0.211942 0.576117
0.211942 0.211942 0.576117
0.212054 0.212363 0.575583
0.227562 0.477902 0.294536
0.211942 0.211942 0.576116
0.211942 0.211942 0.576117
0.212335 0.213423 0.574243
0.211972 0.212056 0.575972
0.211942 0.211942 0.576117
0.214676 0.222634 0.562690
0.212215 0.212970 0.574814
0.211945 0.211955 0.576100
0.211967 0.212038 0.575994
0.215889 0.227699 0.556412
0.212008 0.212192 0.575800
0.212387 0.213620 0.573993
0.211942 0.211942 0.576117
0.211942 0.211942 0.576117
0.211942 0.211942 0.576117
0.211942 0.211942 0.576117
0.211943 0.211946 0.576112
0.211979 0.212084 0.575937
0.575562 0.212361 0.212078
0.212088 0.212493 0.575419
0.211942 0.211942 0.576117
0.211942 0.211942 0.576117
0.212107 0.212563 0.575330
0.221647 0.255327 0.523026
0.211942 0.211942 0.576117
0.211942 0.211942 0.576117
0.212101 0.212539 0.575360
0.211942 0.211942 0.576117
0.211951 0.211977 0.576072
0.575937 0.212077 0.211985
0.212837 0.215342 0.571821
0.212201 0.212917 0.574882
0.212239 0.213062 0.574698
0.212084 0.212477 0.575438
0.211985 0.212103 0.575912
0.212063 0.212399 0.575538
0.211948 0.211966 0.576086
0.214665 0.222589 0.562746
0.218130 0.237661 0.544210
0.227702 0.295748 0.476549
0.229096 0.462286 0.308617
0.229389 0.311642 0.458969
0.222413 0.259587 0.518001
0.212031 0.212276 0.575694
0.565064 0.220241 0.214694
0.211942 0.211942 0.576117
0.211969 0.212043 0.575988
0.212744 0.214985 0.572271
0.212030 0.212274 0.575696
0.211981 0.212091 0.575928
0.211942 0.211942 0.576117
0.212210 0.212950 0.574841
0.211942 0.211942 0.576117
0.219443 0.243930 0.536628
0.211942 0.211942 0.576117
0.211942 0.211942 0.576117
0.212223 0.212999 0.574778
0.211942 0.211942 0.576117
0.211950 0.211972 0.576079
0.211942 0.211942 0.576117
0.211942 0.211942 0.576117
0.212120 0.212610 0.575271
0.213280 0.217061 0.569659
0.211944 0.211952 0.576103
0.212585 0.214375 0.573040
0.214039 0.220059 0.565902
0.211943 0.211949 0.576108
0.220220 0.247813 0.531966
0.213032 0.216096 0.570872
0.211945 0.211954 0.576101
0.211942 0.211944 0.576114
0.212184 0.212854 0.574962
0.212284 0.213231 0.574485
0.211942 0.211943 0.576115
0.211942 0.211944 0.576113
0.211942 0.211942 0.576117
0.211949 0.211970 0.576081
0.575455 0.212404 0.212141
0.293522 0.240560 0.465918
0.212075 0.575481 0.212444
0.211947 0.211962 0.576091
0.211953 0.211983 0.576064
0.215627 0.226584 0.557789
0.211942 0.211942 0.576117
0.227499 0.294038 0.478463
0.213303 0.217151 0.569546
0.215799 0.227314 0.556888
0.211942 0.211942 0.576117
0.214139 0.220459 0.565403
0.213396 0.217514 0.569090
0.215684 0.226825 0.557491
0.211942 0.211942 0.576117
0.211942 0.211942 0.576117
0.211947 0.211962 0.576091
0.211942 0.211942 0.576117
0.212199 0.212890 0.574911
0.212630 0.214547 0.572823
0.213049 0.216162 0.570788
0.211942 0.211942 0.576117
0.212133 0.212660 0.575208
0.211942 0.211942 0.576117
0.211942 0.211942 0.576117
0.212918 0.215653 0.571429
0.213332 0.569406 0.217262
0.211942 0.211942 0.576117
0.213271 0.217024 0.569705
0.219945 0.246420 0.533635
0.211987 0.212113 0.575900
0.212118 0.212603 0.575280
0.216327 0.229579 0.554094
0.213928 0.219615 0.566458
0.212102 0.212545 0.575353
0.212508 0.214083 0.573409
0.211942 0.211942 0.576117
0.211942 0.211942 0.576117
0.211942 0.211942 0.576117
0.213854 0.219319 0.566827
0.211942 0.211942 0.576117
0.211942 0.211942 0.576117
0.223365 0.511482 0.265152
0.211942 0.211942 0.576117
0.211942 0.211942 0.576116
0.574930 0.212797 0.212273
0.213436 0.217670 0.568894
0.211942 0.211942 0.576117
0.211942 0.211942 0.576117
0.212152 0.212733 0.575115
0.211976 0.575954 0.212070
0.215838 0.227479 0.556683
0.211946 0.211956 0.576098
0.211942 0.211942 0.576117
0.211942 0.211942 0.576117
0.225952 0.282106 0.491943
0.211942 0.211942 0.576117
0.211942 0.211942 0.576117
0.212015 0.212216 0.575769
0.212359 0.213515 0.574126
0.212116 0.212597 0.575287
0.211943 0.211947 0.576110
0.212604 0.214447 0.572949
0.214967 0.223831 0.561202
0.211942 0.211942 0.576117
0.221775 0.256023 0.522203
0.212101 0.212540 0.575360
0.211942 0.211942 0.576117
0.211942 0.211942 0.576117
0.571882 0.214288 0.213830
0.575942 0.212062 0.211996
0.211942 0.211942 0.576117
0.211942 0.211942 0.576117
0.212015 0.212217 0.575768
0.212752 0.215016 0.572232
0.211942 0.211942 0.576117
0.211942 0.211942 0.576117
0.214250 0.220908 0.564842
0.213827 0.219213 0.566961
0.211956 0.211998 0.576046
0.212188 0.212867 0.574945
0.211942 0.211942 0.576117
0.224566 0.272642 0.502793
0.211942 0.211942 0.576117
0.211942 0.211942 0.576117
0.574737 0.212936 0.212327
0.211945 0.211955 0.576099
0.227169 0.291348 0.481483
0.212460 0.213898 0.573642
0.214929 0.223675 0.561396
0.211942 0.211942 0.576117
0.211963 0.212022 0.576015
0.212519 0.214122 0.573359
0.240712 0.467685 0.291604
0.211942 0.211942 0.576117
0.212007 0.212188 0.575804
0.576092 0.211962 0.211947
0.213047 0.216153 0.570800
0.213057 0.216190 0.570753
0.230502 0.444902 0.324596
0.224090 0.269603 0.506307
0.213365 0.217391 0.569244
0.211942 0.211942 0.576117
0.211947 0.211963 0.576090
0.211963 0.212021 0.576017
0.211942 0.211942 0.576117
0.214096 0.220287 0.565617
0.212271 0.213181 0.574548
0.211943 0.211947 0.576110
0.211942 0.211942 0.576117
0.211942 0.211942 0.576117
0.212225 0.213007 0.574769
0.211942 0.211942 0.576117
0.212224 0.213003 0.574773
0.211955 0.211993 0.576052
0.211942 0.211942 0.576117
0.231420 0.338459 0.430121
0.211963 0.212022 0.576015
0.211942 0.211942 0.576117
0.211942 0.211942 0.576117
0.211942 0.211942 0.576117
0.214802 0.223151 0.562047
0.212690 0.214777 0.572533
0.212336 0.213429 0.574235
0.211942 0.211942 0.576117
0.211943 0.211946 0.576111
0.211999 0.212158 0.575843
0.211942 0.211942 0.576117
0.211942 0.211942 0.576117
0.211942 0.211942 0.576117
0.211942 0.211942 0.576117
0.211942 0.211942 0.576117
0.211942 0.211942 0.576117
0.212991 0.215936 0.571073
0.213294 0.217113 0.569593
0.211942 0.211942 0.576117
0.211942 0.211943 0.576115
0.211942 0.211942 0.576117
0.212433 0.213796 0.573771
0.212148 0.212718 0.575134
0.222513 0.260158 0.517329
0.232323 0.359016 0.408662
0.211979 0.212082 0.575939
0.211942 0.211942 0.576117
0.211948 0.211964 0.576088
0.211944 0.211951 0.576105
0.211942 0.211942 0.576117
0.211942 0.211944 0.576114
0.219544 0.244427 0.536028
0.212305 0.213311 0.574384
0.212508 0.573813 0.213678
0.211960 0.212012 0.576028
0.213613 0.218367 0.568020
0.211942 0.211942 0.576117
0.211942 0.211942 0.576117
0.211942 0.211942 0.576117
0.211942 0.211942 0.576117
0.212043 0.212321 0.575636
0.212419 0.213741 0.573840
0.212660 0.214662 0.572679
0.223320 0.264882 0.511798
0.211942 0.211942 0.576117
0.214303 0.221118 0.564579
0.211942 0.211942 0.576117
0.212295 0.213273 0.574432
0.211942 0.211942 0.576116
0.211942 0.211942 0.576117
0.576103 0.211952 0.211944
0.211942 0.211942 0.576117
0.211942 0.211943 0.576115
0.211942 0.211942 0.576117
0.213381 0.217456 0.569163
0.212294 0.213271 0.574435
0.215665 0.226748 0.557587
0.576039 0.212000 0.211962
0.576012 0.212022 0.211965
0.211942 0.211942 0.576117
0.211942 0.211942 0.576117
0.211942 0.211942 0.576117
0.211973 0.212058 0.575969
0.211942 0.211942 0.576117
0.211979 0.212080 0.575941
0.228078 0.473015 0.298906
0.211942 0.211942 0.576117
0.214972 0.223850 0.561178
0.211942 0.211942 0.576117
0.211971 0.212052 0.575976
0.216472 0.230210 0.553318
0.222709 0.516008 0.261283
0.216424 0.230002 0.553573
0.212354 0.213496 0.574150
0.211942 0.211942 0.576117
0.213147 0.216541 0.570312
0.216822 0.231743 0.551436
0.211945 0.211953 0.576102
0.230741 0.327937 0.441321
0.212458 0.213891 0.573651
0.211942 0.211942 0.576117
0.212055 0.212366 0.575579
0.220199 0.247704 0.532098
0.211946 0.211957 0.576097
0.214045 0.220084 0.565871
0.216893 0.232058 0.551049
0.211948 0.211964 0.576089
0.211963 0.212023 0.576014
0.211988 0.212114 0.575899
0.212126 0.212633 0.575241
0.228762 0.466836 0.304402
0.211942 0.211942 0.576117
0.225569 0.495036 0.279395
0.211963 0.212024 0.576013
0.211942 0.211942 0.576117
0.211942 0.211942 0.576117
0.211942 0.211942 0.576117
0.212375 0.213576 0.574048
0.213039 0.216123 0.570837
0.212408 0.213700 0.573892
0.211942 0.211942 0.576117
0.211942 0.211942 0.576117
0.212633 0.214559 0.572808
0.211942 0.211942 0.576117
0.211942 0.211942 0.576117
0.211942 0.211942 0.576117
0.211959 0.212006 0.576035
0.575909 0.212099 0.211992
0.212112 0.212583 0.575305
0.211942 0.211942 0.576117
0.212002 0.212170 0.575828
0.211942 0.211942 0.576117
0.211942 0.211943 0.576115
0.211942 0.211942 0.576117
0.211942 0.211942 0.576117
0.211942 0.211942 0.576116
0.211942 0.211942 0.576117
0.212731 0.214934 0.572335
0.211942 0.211942 0.576117
0.211955 0.211993 0.576052
0.211948 0.211966 0.576086
0.212556 0.214264 0.573180
0.217940 0.236782 0.545278
0.576086 0.211966 0.211948
0.211954 0.211988 0.576059
0.211942 0.211942 0.576117
0.213229 0.216862 0.569909
0.211965 0.212029 0.576006
0.211942 0.211942 0.576117
0.211972 0.212055 0.575973
0.211948 0.211964 0.576089
0.211961 0.212015 0.576024
0.212905 0.215604 0.571491
0.232956 0.428173 0.338871
0.215563 0.226314 0.558123
0.212354 0.213497 0.574148
0.214350 0.221309 0.564341
0.211942 0.211942 0.576117
0.211970 0.212048 0.575983
0.213997 0.219893 0.566110
0.211942 0.211942 0.576117
0.211942 0.211942 0.576117
0.211942 0.211942 0.576117
0.211942 0.211942 0.576117
0.211942 0.211942 0.576117
0.211942 0.211942 0.576117
0.575981 0.212036 0.211983
0.211958 0.212003 0.576040
0.211942 0.211942 0.576117
0.211942 0.211942 0.576117
0.215607 0.226499 0.557895
0.214110 0.220343 0.565547
0.211946 0.211960 0.576094
0.211942 0.211942 0.576117
0.213674 0.218608 0.567718
0.211944 0.211949 0.576108
0.211942 0.211942 0.576117
0.216955 0.231157 0.551888
0.212756 0.215030 0.572214
0.211945 0.211953 0.576103
0.212131 0.212654 0.575215
0.213394 0.217504 0.569102
0.219054 0.242036 0.538911
0.211942 0.211942 0.576117
0.211942 0.211942 0.576117
0.211942 0.211942 0.576117
0.211984 0.212101 0.575915
0.212240 0.213065 0.574695
0.212132 0.212656 0.575213
0.212087 0.212489 0.575424
0.211971 0.212053 0.575976
0.212219 0.212985 0.574796
0.212010 0.212198 0.575792
0.216095 0.228579 0.555326
0.212677 0.214727 0.572596
0.215486 0.225990 0.558524
0.212042 0.212319 0.575639
0.211942 0.211942 0.576117
0.211942 0.211942 0.576117
0.212008 0.212193 0.575799
0.211942 0.211942 0.576117
0.211946 0.211959 0.576094
0.211942 0.211942 0.576116
0.212095 0.212519 0.575385
0.212136 0.212673 0.575191
0.211948 0.211964 0.576088
0.211954 0.211987 0.576060
0.212229 0.213022 0.574749
0.212224 0.213004 0.574772
0.232250 0.410987 0.356762
0.211942 0.211942 0.576117
0.211942 0.211942 0.576117
0.211942 0.211942 0.576117
0.211942 0.211942 0.576117
0.211942 0.211942 0.576117
0.211942 0.211942 0.576117
0.211942 0.211942 0.576117
0.211972 0.212056 0.575972
0.211942 0.211942 0.576117
0.212484 0.213991 0.573524
0.211942 0.211942 0.576117
0.228788 0.305561 0.465651
0.226613 0.287003 0.486384
0.222068 0.257650 0.520282
0.211950 0.211972 0.576079
0.214370 0.221389 0.564241
0.229377 0.311511 0.459113
0.221341 0.214369 0.564291
0.211942 0.211942 0.576117
0.213089 0.216316 0.570595
0.218110 0.237569 0.544322
0.228767 0.305361 0.465872
0.211952 0.211981 0.576067
0.211992 0.212130 0.575878
0.576005 0.212026 0.211969
0.211942 0.211943 0.576115
0.212160 0.212761 0.575079
0.212517 0.214115 0.573368
0.211948 0.211967 0.576084
0.211942 0.211942 0.576117
0.212147 0.212713 0.575140
0.213023 0.216061 0.570916
0.211942 0.211942 0.576117
0.211942 0.211942 0.576117
0.213185 0.216688 0.570128
0.211942 0.211942 0.576117
0.575220 0.212618 0.212163
0.211942 0.211942 0.576117
0.212747 0.214995 0.572258
0.211942 0.211942 0.576117
0.211955 0.211992 0.576053
0.214945 0.223739 0.561316
0.211997 0.212150 0.575853
0.211985 0.212106 0.575908
0.214740 0.572580 0.212680
0.211942 0.211942 0.576117
0.211942 0.211942 0.576117
0.211942 0.211942 0.576117
0.214776 0.223045 0.562178
0.218182 0.237903 0.543915
0.211942 0.211943 0.576115
0.211942 0.211942 0.576117
0.211999 0.212155 0.575846
0.211942 0.211942 0.576117
0.212261 0.213146 0.574593
0.214983 0.223897 0.561120
0.217145 0.233175 0.549680
0.212050 0.212347 0.575604
0.211942 0.211942 0.576117
0.211942 0.211942 0.576117
0.212844 0.215368 0.571789
0.211942 0.211942 0.576117
0.211942 0.211942 0.576117
0.211942 0.211942 0.576117
0.217278 0.233772 0.548950
0.211942 0.211942 0.576117
0.215284 0.225147 0.559569
0.213921 0.219588 0.566491
0.211986 0.212109 0.575904
0.213426 0.217631 0.568943
0.212764 0.215060 0.572176
0.233257 0.502451 0.264293
0.211942 0.211942 0.576117
0.227214 0.481081 0.291706
0.211942 0.211942 0.576117
0.211974 0.212063 0.575963
0.211995 0.212142 0.575864
0.212153 0.212737 0.575110
0.216803 0.231659 0.551538
0.222087 0.257751 0.520163
0.212637 0.214573 0.572790
0.211943 0.211946 0.576111
0.211942 0.211942 0.576117
0.211942 0.211942 0.576117
0.215121 0.224467 0.560412
0.212149 0.212722 0.575129
0.216503 0.230343 0.553154
0.216569 0.230633 0.552798
0.211942 0.211942 0.576117
0.211942 0.211942 0.576117
0.215911 0.227791 0.556298
0.211942 0.211942 0.576117
0.211942 0.211942 0.576117
0.211942 0.211942 0.576117
0.212042 0.212319 0.575639
0.230888 0.330022 0.439090
0.218341 0.238647 0.543012
0.211942 0.211942 0.576117
0.211942 0.211942 0.576117
0.211942 0.211942 0.576117
0.211942 0.211942 0.576117
0.211942 0.211942 0.576117
0.218968 0.241624 0.539407
0.211942 0.211942 0.576116
0.211951 0.211978 0.576071
0.212133 0.212660 0.575208
0.211942 0.211942 0.576117
0.230911 0.330353 0.438737
0.211942 0.211942 0.576117
0.211942 0.211942 0.576117
0.211942 0.211942 0.576117
0.212290 0.213253 0.574457
0.211942 0.211942 0.576117
0.212230 0.213027 0.574743
0.219129 0.242399 0.538472
0.211954 0.211986 0.576060
0.211942 0.211942 0.576117
0.211942 0.211942 0.576116
0.211944 0.211950 0.576106
0.211942 0.211942 0.576117
0.211942 0.211942 0.576117
0.211942 0.211942 0.576117
0.211944 0.211952 0.576103
0.211942 0.211942 0.576117
0.211984 0.212101 0.575915
0.218854 0.241073 0.540073
0.211942 0.211942 0.576117
0.213825 0.219207 0.566968
0.229238 0.310069 0.460692
0.211942 0.211942 0.576117
0.211942 0.211942 0.576117
0.211942 0.211942 0.576117
0.218834 0.240980 0.540186
0.211942 0.211942 0.576117
0.217424 0.234429 0.548148
0.212296 0.213276 0.574428
0.211947 0.211962 0.576091
0.214213 0.220755 0.565032
0.211958 0.212004 0.576038
0.211942 0.211942 0.576117
0.230779 0.326398 0.442824
0.289662 0.465335 0.245003
0.212078 0.212452 0.575470
0.211942 0.211942 0.576117
0.213672 0.218599 0.567729
0.212929 0.215696 0.571375
0.212613 0.214482 0.572906
0.211943 0.211946 0.576111
0.211948 0.211967 0.576084
0.220907 0.251363 0.527730
0.217458 0.234584 0.547957
0.575871 0.212126 0.212004
0.211942 0.211942 0.576117
0.211942 0.211942 0.576117
0.211956 0.211996 0.576048
0.212549 0.214238 0.573213
0.212156 0.212749 0.575094
0.211942 0.211942 0.576117
0.211942 0.211942 0.576117
0.231742 0.426247 0.342010
0.212709 0.214852 0.572439
0.212265 0.213158 0.574578
0.211948 0.211964 0.576089
0.211942 0.211942 0.576117
0.212735 0.214950 0.572315
0.214001 0.219905 0.566094
0.211942 0.211942 0.576117
0.211942 0.211942 0.576117
0.211942 0.211942 0.576117
0.211942 0.211942 0.576116
0.232514 0.401183 0.366303
0.211942 0.211942 0.576117
0.211942 0.211942 0.576117
0.211942 0.211942 0.576117
0.211946 0.211960 0.576094
0.212067 0.212411 0.575522
0.211942 0.211942 0.576117
0.212167 0.212787 0.575046
0.212287 0.213243 0.574470
0.213009 0.216006 0.570985
0.211942 0.211943 0.576115
0.222859 0.262157 0.514983
0.211942 0.211942 0.576117
0.211942 0.211942 0.576117
0.211944 0.211949 0.576107
0.222147 0.258090 0.519763
0.211942 0.211942 0.576117
0.229501 0.457660 0.312839
0.576112 0.211945 0.211943
0.211942 0.211942 0.576117
0.212935 0.215719 0.571346
0.213419 0.217602 0.568979
0.214587 0.222270 0.563143
0.212212 0.212959 0.574829
0.230749 0.328050 0.441201
0.212091 0.212503 0.575406
0.212175 0.212820 0.575004
0.211942 0.211942 0.576117
0.212318 0.213358 0.574324
0.212294 0.213267 0.574439
0.573462 0.213943 0.212595
0.213890 0.219464 0.566646
0.224752 0.501390 0.273858
0.212502 0.214057 0.573441
0.232248 0.411048 0.356704
0.211974 0.212061 0.575965
0.211945 0.211954 0.576101
0.211942 0.211942 0.576117
0.211942 0.211942 0.576117
0.212771 0.215089 0.572139
0.213794 0.219084 0.567122
0.211942 0.211942 0.576117
0.220799 0.250795 0.528407
0.211942 0.211942 0.576117
0.212151 0.212728 0.575121
0.212048 0.212342 0.575610
0.211956 0.211998 0.576046
0.212062 0.212392 0.575546
0.211942 0.211942 0.576117
0.212263 0.213153 0.574584
0.211942 0.211942 0.576116
0.211942 0.211942 0.576117
0.211989 0.212118 0.575893
0.211942 0.211942 0.576117
0.211942 0.211942 0.576117
0.211965 0.212031 0.576004
0.213331 0.217260 0.569409
0.212740 0.214967 0.572293
0.218204 0.238006 0.543791
0.211942 0.211942 0.576117
0.211942 0.211942 0.576117
0.211942 0.211942 0.576117
0.212195 0.212896 0.574909
0.211978 0.212080 0.575942
0.211942 0.211942 0.576117
0.214654 0.222546 0.562800
0.211954 0.211988 0.576058
0.211942 0.211942 0.576117
0.211942 0.211942 0.576117
0.211942 0.211942 0.576117
0.211942 0.211942 0.576117
0.211942 0.211942 0.576117
0.212002 0.212168 0.575830
0.211942 0.211942 0.576117
0.231882 0.347439 0.420679
0.212333 0.213415 0.574253
0.211942 0.211942 0.576117
0.211958 0.212002 0.576041
0.212100 0.212535 0.575365
0.211950 0.211973 0.576078
0.219602 0.244712 0.535686
0.211942 0.211944 0.576114
0.213368 0.217403 0.569229
0.211942 0.211942 0.576117
0.212619 0.214504 0.572877
0.575181 0.212649 0.212171
0.211942 0.211942 0.576117
0.211942 0.211942 0.576117
0.211942 0.211942 0.576117
0.211947 0.211962 0.576092
0.212009 0.212193 0.575798
0.212494 0.214029 0.573476
0.212704 0.214832 0.572464
0.218278 0.238353 0.543369
0.213647 0.218500 0.567853
0.211942 0.211942 0.576117
0.230446 0.323961 0.445593
0.211942 0.211943 0.576115
0.214969 0.223839 0.561192
0.211942 0.211942 0.576117
0.223929 0.268597 0.507474
0.211948 0.211965 0.576088
0.213765 0.218969 0.567266
0.211975 0.212067 0.575958
0.211943 0.211948 0.576109
0.212873 0.215479 0.571648
0.211942 0.211942 0.576117
0.212473 0.213947 0.573580
0.211942 0.211942 0.576117
0.212888 0.215539 0.571573
0.212515 0.214109 0.573376
0.228816 0.305842 0.465341
0.211955 0.211991 0.576054
0.221626 0.255210 0.523164
0.211951 0.211977 0.576072
0.214500 0.221918 0.563582
0.211942 0.211942 0.576117
0.214240 0.220865 0.564895
0.211942 0.211942 0.576117
0.211942 0.211942 0.576117
0.211942 0.211942 0.576117
0.224080 0.506477 0.269443
0.211944 0.211952 0.576104
0.212680 0.214739 0.572581
0.233356 0.387295 0.379349
0.212009 0.212195 0.575796
0.215092 0.224346 0.560562
0.223550 0.266270 0.510180
0.216283 0.229388 0.554329
0.216173 0.228913 0.554914
0.212008 0.212192 0.575800
0.212185 0.212855 0.574960
0.211942 0.211942 0.576117
0.211942 0.211942 0.576117
0.220572 0.529809 0.249618
0.211942 0.211944 0.576113
0.213298 0.217130 0.569572
0.212058 0.212379 0.575563
0.211954 0.211987 0.576060
0.211942 0.211942 0.576117
0.214309 0.221142 0.564549
0.212051 0.212351 0.575599
0.211942 0.211942 0.576117
0.211942 0.211942 0.576117
0.230804 0.440378 0.328818
0.214878 0.223464 0.561658
0.211942 0.211942 0.576117
0.211956 0.211996 0.576048
0.212120 0.212612 0.575267
0.213232 0.216873 0.569895
0.211942 0.211942 0.576117
0.211942 0.211942 0.576117
0.211962 0.212019 0.576019
0.211943 0.211946 0.576111
0.218262 0.238278 0.543460
0.228049 0.298741 0.473210
0.211942 0.211942 0.576117
0.372541 0.376403 0.251056
0.213223 0.216839 0.569938
0.212436 0.213806 0.573759
0.212187 0.212863 0.574950
0.213712 0.218759 0.567529
0.211942 0.211942 0.576117
0.211942 0.211942 0.576117
0.214886 0.223498 0.561616
0.215166 0.224653 0.560182
0.211945 0.211953 0.576102
0.212047 0.212336 0.575618
0.211943 0.211948 0.576109
0.213279 0.217056 0.569665
0.211942 0.211942 0.576117
0.211942 0.211942 0.576117
0.211942 0.211942 0.576117
0.211942 0.211943 0.576115
0.211942 0.211942 0.576117
0.211942 0.211942 0.576117
0.215863 0.227588 0.556549
0.212018 0.212227 0.575755
0.211942 0.211942 0.576117
0.211942 0.211942 0.576117
0.211976 0.212070 0.575954
0.220171 0.247562 0.532267
0.211942 0.211942 0.576117
0.212121 0.212617 0.575261
0.211942 0.211942 0.576117
0.225701 0.280316 0.493984
0.211942 0.211942 0.576117
0.211942 0.211942 0.576117
0.212188 0.212867 0.574946
0.211943 0.211945 0.576112
0.213695 0.218690 0.567616
0.212182 0.212846 0.574971
0.211942 0.211942 0.576117
0.225668 0.494246 0.280086
0.211942 0.211942 0.576117
0.211942 0.211942 0.576117
0.212017 0.212223 0.575760
0.211942 0.211942 0.576117
0.215567 0.226330 0.558103
0.500787 0.268675 0.230538
0.211942 0.211942 0.576117
0.211942 0.211942 0.576117
0.212552 0.214250 0.573198
0.212344 0.213460 0.574196
0.211942 0.211942 0.576117
0.226685 0.287551 0.485764
0.211973 0.212060 0.575967
0.221295 0.534554 0.244151
0.228678 0.304506 0.466816
0.212243 0.213075 0.574682
0.212171 0.212805 0.575024
0.212000 0.212161 0.575839
0.211942 0.211942 0.576117
0.211942 0.211942 0.576117
0.227627 0.477264 0.295109
0.211942 0.211942 0.576117
0.211986 0.212109 0.575905
0.211968 0.212042 0.575989
0.215109 0.224417 0.560474
0.212801 0.215202 0.571997
0.211942 0.211942 0.576117
0.211976 0.212072 0.575952
0.212212 0.212959 0.574828
0.211942 0.211942 0.576117
0.211942 0.211943 0.576115
0.211942 0.211942 0.576117
0.561669 0.215075 0.223255
0.211942 0.211942 0.576117
0.574370 0.213249 0.212381
0.211942 0.211942 0.576117
0.211942 0.211942 0.576117
0.211942 0.211942 0.576117
0.211943 0.211945 0.576112
0.211942 0.211942 0.576117
0.212008 0.212189 0.575803
0.211942 0.211942 0.576117
0.211942 0.211943 0.576116
0.226091 0.283106 0.490803
0.211942 0.211942 0.576117
0.212067 0.212411 0.575522
0.211942 0.211942 0.576117
0.212338 0.213436 0.574225
0.223957 0.268771 0.507272
0.213278 0.217052 0.569670
0.211942 0.211942 0.576117
0.211942 0.211942 0.576117
0.211942 0.211942 0.576117
0.253424 0.458683 0.287893
0.211942 0.211942 0.576117
0.211942 0.211942 0.576117
0.211942 0.211942 0.576117
0.213322 0.217222 0.569457
0.211963 0.212022 0.576015
0.211942 0.211942 0.576117
0.211956 0.211995 0.576049
0.217798 0.236133 0.546068
0.231155 0.466089 0.302756
0.211942 0.211942 0.576117
0.211942 0.211942 0.576117
0.211942 0.211942 0.576117
0.211942 0.211942 0.576117
0.211942 0.211942 0.576117
0.211995 0.212143 0.575862
0.574032 0.213458 0.212511
0.212970 0.215856 0.571173
0.212043 0.212323 0.575633
0.211942 0.211942 0.576117
0.211942 0.211942 0.576117
0.211942 0.211942 0.576117
0.211942 0.211942 0.576117
0.211942 0.211942 0.576117
0.212338 0.213436 0.574226
0.211942 0.211942 0.576117
0.211942 0.211942 0.576117
0.222211 0.258450 0.519339
0.212101 0.212542 0.575356
0.575693 0.212259 0.212048
0.212050 0.212349 0.575601
0.211959 0.212006 0.576036
0.211942 0.211942 0.576117
0.213248 0.216935 0.569817
0.214143 0.220477 0.565379
0.211993 0.212136 0.575871
0.218569 0.239721 0.541710
0.211953 0.211985 0.576062
0.211942 0.211942 0.576117
0.211942 0.211942 0.576117
0.211942 0.211942 0.576117
0.214808 0.223174 0.562019
0.576055 0.211988 0.211956
0.211942 0.211943 0.576115
0.212245 0.213084 0.574671
0.229664 0.456821 0.313515
0.231854 0.346832 0.421314
0.230000 0.451545 0.318455
0.211942 0.211942 0.576117
0.211946 0.211960 0.576093
0.211942 0.211942 0.576117
0.211942 0.211942 0.576117
0.211942 0.211942 0.576117
0.233079 0.383121 0.383800
0.211942 0.211942 0.576117
0.211945 0.211955 0.576099
0.211942 0.211942 0.576117
0.214895 0.223529 0.561576
0.211942 0.211942 0.576117
0.211942 0.211942 0.576117
0.211942 0.211944 0.576114
0.211943 0.211946 0.576111
0.211942 0.211942 0.576117
0.226710 0.287740 0.485550
0.220956 0.251622 0.527422
0.219073 0.538823 0.242104
0.211942 0.211942 0.576117
0.211958 0.212003 0.576039
0.211942 0.211942 0.576117
0.211942 0.211942 0.576117
0.212319 0.213365 0.574316
0.211942 0.211942 0.576117
0.211942 0.211942 0.576117
0.211946 0.211959 0.576095
0.211946 0.211959 0.576095
0.211966 0.212033 0.576001
0.212912 0.215631 0.571457
0.217442 0.548049 0.234509
0.575903 0.212101 0.211996
0.212681 0.214742 0.572577
0.232049 0.351305 0.416646
0.212253 0.213113 0.574634
0.212142 0.212694 0.575164
0.211942 0.211942 0.576117
0.211942 0.211943 0.576115
0.345755 0.381087 0.273158
0.211942 0.211942 0.576117
0.215894 0.227718 0.556388
0.211978 0.212077 0.575946
0.232501 0.365756 0.401743
0.212345 0.213461 0.574195
0.211975 0.212068 0.575957
0.212378 0.213588 0.574033
0.211942 0.211942 0.576117
0.211942 0.211942 0.576117
0.211942 0.211942 0.576117
0.211942 0.211942 0.576117
0.211942 0.211942 0.576117
0.575813 0.212163 0.212024
0.212353 0.213491 0.574157
0.211942 0.211942 0.576117
0.211943 0.211946 0.576111
0.211942 0.211942 0.576117
0.215373 0.225517 0.559110
0.211942 0.211942 0.576117
0.213489 0.217878 0.568633
0.211942 0.211942 0.576117
0.211942 0.211942 0.576117
0.211946 0.211956 0.576098
0.212512 0.214096 0.573392
0.211942 0.211943 0.576116
0.212247 0.213091 0.574662
0.211942 0.211942 0.576117
0.212328 0.213399 0.574273
0.211942 0.211942 0.576117
0.211942 0.211942 0.576117
0.211942 0.211942 0.576117
0.211942 0.211945 0.576113
0.213843 0.219277 0.566880
0.212199 0.212909 0.574892
0.360721 0.382380 0.256899
0.212067 0.212410 0.575523
0.212006 0.212182 0.575812
0.212016 0.212222 0.575762
0.211953 0.211983 0.576064
0.211942 0.211942 0.576117
0.229070 0.308351 0.462579
0.575787 0.212189 0.212024
0.576107 0.211949 0.211944
0.211942 0.211942 0.576116
0.213081 0.216286 0.570633
0.211942 0.211942 0.576117
0.211942 0.211942 0.576117
0.211942 0.211942 0.576117
0.224610 0.272930 0.502460
0.211963 0.212023 0.576014
0.327596 0.392232 0.280172
0.221788 0.256095 0.522118
0.231541 0.340616 0.427843
0.213762 0.218954 0.567285
0.232630 0.394163 0.373207
0.231618 0.342056 0.426326
0.256141 0.379088 0.364771
0.229638 0.456032 0.314330
0.211942 0.211942 0.576117
0.211942 0.211942 0.576117
0.222861 0.262169 0.514970
0.211942 0.211942 0.576117
0.211942 0.211942 0.576117
0.211942 0.211942 0.576117
0.211942 0.211942 0.576117
0.214557 0.222149 0.563294
0.231539 0.340560 0.427901
0.211994 0.212138 0.575868
0.212423 0.213757 0.573821
0.213930 0.219622 0.566448
0.212132 0.212658 0.575209
0.211942 0.211942 0.576117
0.213403 0.217541 0.569056
0.211942 0.211942 0.576117
0.211943 0.211948 0.576109
0.211942 0.211942 0.576117
0.211944 0.211950 0.576106
0.212194 0.212889 0.574917
0.211942 0.211942 0.576117
0.211942 0.211942 0.576117
0.231040 0.436682 0.332279
0.211942 0.211942 0.576117
0.212047 0.212338 0.575615
0.212031 0.212278 0.575691
0.211942 0.211942 0.576117
0.213258 0.216975 0.569767
0.212989 0.215929 0.571082
0.215080 0.224297 0.560623
0.211942 0.211942 0.576117
0.213666 0.218577 0.567757
0.212125 0.212629 0.575247
0.211942 0.211944 0.576113
0.211942 0.211942 0.576117
0.211942 0.211942 0.576117
0.211942 0.211942 0.576117
0.217946 0.236811 0.545243
0.211942 0.211942 0.576117
0.219849 0.245943 0.534208
0.211942 0.211942 0.576117
0.575740 0.212225 0.212035
0.211942 0.211942 0.576117
0.221409 0.524559 0.254032
0.211942 0.211942 0.576117
0.211942 0.211942 0.576117
0.230198 0.320843 0.448959
0.214836 0.223290 0.561875
0.212832 0.215323 0.571845
0.212015 0.212216 0.575769
0.212488 0.214007 0.573504
0.211942 0.211942 0.576117
0.213214 0.216801 0.569984
0.211942 0.211942 0.576117
0.211944 0.211951 0.576106
0.211942 0.211942 0.576117
0.211942 0.211942 0.576117
0.212925 0.215683 0.571391
0.212176 0.212824 0.575000
0.212042 0.212317 0.575641
0.211942 0.211945 0.576113
0.211943 0.211946 0.576111
0.212274 0.213194 0.574532
0.212036 0.212294 0.575670
0.211959 0.212005 0.576036
0.212125 0.212631 0.575244
0.211942 0.211942 0.576117
0.211965 0.212030 0.576005
0.211982 0.212092 0.575926
0.212477 0.213963 0.573560
0.215451 0.225846 0.558703
0.211942 0.211942 0.576117
0.211942 0.211942 0.576117
0.211994 0.212139 0.575867
0.215655 0.226703 0.557642
0.212446 0.213844 0.573710
0.230453 0.324062 0.445484
0.211943 0.211948 0.576109
0.211942 0.211942 0.576117
0.211942 0.211943 0.576115
0.211950 0.211973 0.576077
0.213505 0.217940 0.568556
0.214140 0.220462 0.565398
0.213864 0.219362 0.566774
0.222820 0.261929 0.515252
0.214227 0.220814 0.564959
0.212823 0.215288 0.571889
0.211985 0.212104 0.575911
0.211942 0.211942 0.576117
0.212162 0.212769 0.575069
0.211942 0.211942 0.576117
0.211942 0.211942 0.576117
0.211942 0.211942 0.576117
0.211942 0.211942 0.576117
0.211998 0.212151 0.575851
0.211949 0.211969 0.576082
0.211942 0.211942 0.576117
0.211942 0.211942 0.576117
0.211950 0.211972 0.576078
0.212021 0.212241 0.575738
0.215213 0.224849 0.559938
0.211958 0.212004 0.576037
0.217973 0.236936 0.545091
0.211942 0.211942 0.576117
0.575274 0.212576 0.212150
0.212004 0.212175 0.575821
0.213224 0.216671 0.570105
0.215693 0.226867 0.557440
0.231151 0.460508 0.308341
0.212035 0.212294 0.575671
0.212376 0.213579 0.574046
0.212287 0.213242 0.574471
0.212493 0.214025 0.573482
0.220012 0.246761 0.533227
0.217840 0.236325 0.545835
0.211950 0.211974 0.576076
0.220212 0.247770 0.532018
0.211942 0.211942 0.576117
0.211957 0.212000 0.576043
0.212433 0.213798 0.573769
0.213589 0.218272 0.568139
0.230948 0.330910 0.438142
0.576038 0.212002 0.211961
0.211951 0.211975 0.576074
0.212651 0.214626 0.572723
0.215163 0.224643 0.560194
