0.051256
-3.019394
-6.953191
-3.716999
-2.038629
-3.580969
-3.346835
-1.634993
-2.908334
-3.310500
-3.398749
-3.773475
-3.370835
-3.503015
-2.674604
-2.126699
-3.097164
-0.830371
-3.343010
-1.487672
-2.961855
-2.651777
-2.893353
-3.046150
-1.803768
-0.643941
-3.333497
-2.687605
1.871741
-2.254630
-3.057656
-3.446150
-1.817143
-2.868350
-2.080036
-1.283335
-2.228167
-3.041643
-2.395276
-2.459413
-3.063923
-4.012545
-0.017254
-2.915463
-3.264294
-3.190001
-3.283424
-2.743489
-2.322021
-3.032155
-6.078059
-1.143372
0.844251
-1.762086
-2.685918
-3.326894
-2.737556
-3.241066
-2.981505
-3.123167
