0.212897 0.215574 0.571529
0.211947 0.211961 0.576093
0.211942 0.211942 0.576117
0.211953 0.211983 0.576064
0.211942 0.211942 0.576117
0.211963 0.212023 0.576013
0.211944 0.211950 0.576107
0.211967 0.212035 0.575998
0.211948 0.211965 0.576087
0.212050 0.212350 0.575599
0.575831 0.212167 0.212002
0.211942 0.211942 0.576117
0.211945 0.211954 0.576101
0.213202 0.216755 0.570043
0.211947 0.211961 0.576093
0.211951 0.211979 0.576070
0.211942 0.211942 0.576117
0.211942 0.211942 0.576117
0.211942 0.211942 0.576117
0.211959 0.212006 0.576036
0.211956 0.211996 0.576049
0.211947 0.211963 0.576089
0.215460 0.225880 0.558660
0.211942 0.211943 0.576115
0.211942 0.211942 0.576116
0.211942 0.211942 0.576117
0.226904 0.557390 0.215706
0.212005 0.575816 0.212179
0.212743 0.214981 0.572276
0.211942 0.211945 0.576113
0.211942 0.211942 0.576117
0.211942 0.211942 0.576117
0.211942 0.211942 0.576117
0.211953 0.211984 0.576064
0.211955 0.211994 0.576051
0.211950 0.211973 0.576077
0.211942 0.211942 0.576117
0.211942 0.211942 0.576117
0.211990 0.212124 0.575886
0.213508 0.217854 0.568638
0.211944 0.211950 0.576106
0.212198 0.212906 0.574896
0.211943 0.211948 0.576108
0.211945 0.211956 0.576099
0.211948 0.211965 0.576087
0.211946 0.211958 0.576096
0.211966 0.212035 0.575999
0.211966 0.212032 0.576002
0.211962 0.212020 0.576018
0.212080 0.212364 0.575557
0.211993 0.212133 0.575875
0.211944 0.211950 0.576106
0.211953 0.211984 0.576063
0.211955 0.211992 0.576053
0.275661 0.499315 0.225024
0.211942 0.211942 0.576117
0.232639 0.373901 0.393460
0.211942 0.211942 0.576117
0.211942 0.211942 0.576117
0.212000 0.212159 0.575841
0.211946 0.211958 0.576096
0.211985 0.212103 0.575912
0.211942 0.211944 0.576113
0.211942 0.211942 0.576117
0.211954 0.211989 0.576056
0.211973 0.212058 0.575969
0.211942 0.211944 0.576114
0.211942 0.211944 0.576113
0.212245 0.574672 0.213083
0.271490 0.504122 0.224387
0.212634 0.214350 0.573016
0.211942 0.211942 0.576117
0.211942 0.211942 0.576117
0.211942 0.211942 0.576117
0.211942 0.211942 0.576116
0.211959 0.212007 0.576034
0.211942 0.211942 0.576117
0.211942 0.211942 0.576117
0.211942 0.211942 0.576117
0.211961 0.212014 0.576025
0.211942 0.211942 0.576117
0.211943 0.211942 0.576115
0.215884 0.212978 0.571138
0.211944 0.211950 0.576106
0.211953 0.211984 0.576063
0.211944 0.211952 0.576104
0.211947 0.211964 0.576089
0.211948 0.211967 0.576084
0.212131 0.212654 0.575215
0.211966 0.212032 0.576003
0.568109 0.218296 0.213595
0.211942 0.211942 0.576117
0.211955 0.211991 0.576055
0.211942 0.211942 0.576117
0.211942 0.211942 0.576117
0.211942 0.211942 0.576117
0.211942 0.211942 0.576117
0.212488 0.212087 0.575425
0.211942 0.211942 0.576116
0.211950 0.211974 0.576075
0.211942 0.211942 0.576117
0.212050 0.212329 0.575620
0.211942 0.211942 0.576117
0.212009 0.212195 0.575796
0.211953 0.211984 0.576063
0.212003 0.212172 0.575825
0.211950 0.211972 0.576078
0.211942 0.576117 0.211942
0.212001 0.212162 0.575837
0.211961 0.212015 0.576024
0.212170 0.212800 0.575030
0.212009 0.212190 0.575801
0.211943 0.211948 0.576108
0.211946 0.211958 0.576096
0.211947 0.211961 0.576092
0.211958 0.212003 0.576039
0.212094 0.212512 0.575394
0.211947 0.211961 0.576093
0.212023 0.212246 0.575732
0.211949 0.211970 0.576081
0.211947 0.211961 0.576092
0.211942 0.211942 0.576117
0.212283 0.212033 0.575685
0.211949 0.211968 0.576084
0.211946 0.211960 0.576094
0.213664 0.218568 0.567768
0.211946 0.211959 0.576095
0.213020 0.212506 0.574474
0.211945 0.211953 0.576103
0.211952 0.211980 0.576068
0.211949 0.211970 0.576080
0.211952 0.211982 0.576065
0.212098 0.212529 0.575374
0.212023 0.212246 0.575731
0.211942 0.211942 0.576117
0.229894 0.317217 0.452890
0.576025 0.212014 0.211961
0.211953 0.211983 0.576064
0.212024 0.212251 0.575725
0.211956 0.211997 0.576047
0.211947 0.211963 0.576089
0.211942 0.211942 0.576117
0.211948 0.211967 0.576085
0.214557 0.222151 0.563291
0.211954 0.211990 0.576056
0.211964 0.212025 0.576011
0.212167 0.212787 0.575046
0.230325 0.322262 0.447413
0.212028 0.212267 0.575705
0.212125 0.212612 0.575264
0.211959 0.212008 0.576033
0.212074 0.212437 0.575489
0.211948 0.211966 0.576086
0.211954 0.211987 0.576059
0.211942 0.211942 0.576117
0.211955 0.211993 0.576051
0.220908 0.251350 0.527742
0.211944 0.211952 0.576104
0.211942 0.211943 0.576115
0.211993 0.212136 0.575870
0.211942 0.211942 0.576117
0.211969 0.212043 0.575989
0.211942 0.211942 0.576117
0.211946 0.211958 0.576096
0.211957 0.211999 0.576044
0.211942 0.211943 0.576114
0.212357 0.213506 0.574138
0.574359 0.213331 0.212310
0.212053 0.212358 0.575589
0.211942 0.211942 0.576117
0.211977 0.212069 0.575954
0.573946 0.213658 0.212397
0.211958 0.212003 0.576039
0.212206 0.212935 0.574859
0.211942 0.211942 0.576117
0.212235 0.213047 0.574717
0.575935 0.212085 0.211980
0.211996 0.212147 0.575857
0.211947 0.211961 0.576093
0.212038 0.212304 0.575658
0.211943 0.211949 0.576108
0.211964 0.212026 0.576010
0.211945 0.211953 0.576103
0.211973 0.212059 0.575968
0.211960 0.212010 0.576030
0.211953 0.211986 0.576061
0.211942 0.211945 0.576113
0.211981 0.212091 0.575928
0.211942 0.211942 0.576117
0.212374 0.213573 0.574053
0.212036 0.212295 0.575669
0.211953 0.211983 0.576065
0.212794 0.213160 0.574046
0.211944 0.211949 0.576107
0.229350 0.311232 0.459418
0.211945 0.211953 0.576102
0.212280 0.213214 0.574506
0.211945 0.211955 0.576100
0.211942 0.211942 0.576117
0.211958 0.212002 0.576041
0.211944 0.211949 0.576107
0.211964 0.212027 0.576009
0.211942 0.211942 0.576117
0.211950 0.211974 0.576076
0.211951 0.211976 0.576073
0.211942 0.211943 0.576116
0.211946 0.211958 0.576096
0.211942 0.211942 0.576117
0.211942 0.211942 0.576117
0.211942 0.211942 0.576117
0.211942 0.211942 0.576117
0.211942 0.211942 0.576117
0.211994 0.212137 0.575869
0.211960 0.212010 0.576031
0.211942 0.211942 0.576117
0.211942 0.211942 0.576117
0.211946 0.211959 0.576095
0.211942 0.211942 0.576117
0.211943 0.211949 0.576108
0.211960 0.212011 0.576029
0.211942 0.211944 0.576114
0.211946 0.211957 0.576097
0.211968 0.212040 0.575992
0.212082 0.212470 0.575447
0.211942 0.211942 0.576117
0.211965 0.212028 0.576007
0.211942 0.211942 0.576117
0.211942 0.211942 0.576117
0.211964 0.212027 0.576008
0.211942 0.211942 0.576116
0.211947 0.211961 0.576093
0.211954 0.211990 0.576056
0.211944 0.211952 0.576103
0.211942 0.211943 0.576115
0.213510 0.217818 0.568673
0.575756 0.212226 0.212018
0.211946 0.211958 0.576096
0.211944 0.211951 0.576105
0.212057 0.212373 0.575570
0.212002 0.212168 0.575830
0.212009 0.212194 0.575797
0.211942 0.211942 0.576117
0.211963 0.212022 0.576015
0.211942 0.211942 0.576117
0.212038 0.212304 0.575658
0.211942 0.211942 0.576117
0.211942 0.211942 0.576117
0.211948 0.211965 0.576087
0.212078 0.212454 0.575468
0.212641 0.214588 0.572771
0.211950 0.211974 0.576075
0.212004 0.212177 0.575819
0.212222 0.212997 0.574781
0.211942 0.211942 0.576117
0.211942 0.211942 0.576117
0.211942 0.211942 0.576117
0.211942 0.211942 0.576117
0.211942 0.211942 0.576117
0.211963 0.212023 0.576014
0.211986 0.212106 0.575908
0.211969 0.212044 0.575987
0.212020 0.212235 0.575745
0.211989 0.212118 0.575894
0.211942 0.211942 0.576117
0.212295 0.212112 0.575594
0.211942 0.211942 0.576117
0.213040 0.216126 0.570834
0.211942 0.211942 0.576117
0.212001 0.212163 0.575836
0.211980 0.212087 0.575932
0.211943 0.211949 0.576108
0.211943 0.211948 0.576109
0.211942 0.211944 0.576114
0.211977 0.212075 0.575948
0.211949 0.211971 0.576080
0.211948 0.211964 0.576088
0.211950 0.211973 0.576077
0.212683 0.212139 0.575178
0.211982 0.212094 0.575923
0.211952 0.211982 0.576066
0.214557 0.212633 0.572810
0.211986 0.212108 0.575906
0.212681 0.214716 0.572603
0.211961 0.212015 0.576024
0.211949 0.211968 0.576084
0.211942 0.211942 0.576116
0.215707 0.226924 0.557369
0.211970 0.212048 0.575982
0.211944 0.211951 0.576105
0.211952 0.211980 0.576069
0.211942 0.211942 0.576117
0.211944 0.211951 0.576105
0.211944 0.211951 0.576105
0.211948 0.211966 0.576086
0.211942 0.211943 0.576115
0.211942 0.211942 0.576117
0.211943 0.211946 0.576111
0.211942 0.211942 0.576117
0.211942 0.211942 0.576116
0.211954 0.211989 0.576057
0.211977 0.212075 0.575948
0.211944 0.211952 0.576103
0.211942 0.211944 0.576114
0.211947 0.211963 0.576090
0.576111 0.211943 0.211946
0.211942 0.211942 0.576117
0.211942 0.211943 0.576115
0.212273 0.213190 0.574536
0.211942 0.211942 0.576117
0.211994 0.212139 0.575867
0.211944 0.211951 0.576105
0.211942 0.211942 0.576117
0.211942 0.211942 0.576117
0.211942 0.211944 0.576113
0.211942 0.211942 0.576117
0.212536 0.214187 0.573277
0.211947 0.211964 0.576089
0.211949 0.211970 0.576081
0.211942 0.211942 0.576116
0.212099 0.212532 0.575369
0.212031 0.212276 0.575693
0.212581 0.214361 0.573058
0.211943 0.211946 0.576112
0.212013 0.212208 0.575779
0.211952 0.211982 0.576066
0.211980 0.212080 0.575940
0.211971 0.212052 0.575977
0.212039 0.212307 0.575654
0.211942 0.211942 0.576117
0.212000 0.212161 0.575838
0.211942 0.211944 0.576114
0.211954 0.211987 0.576059
0.211942 0.211942 0.576117
0.211943 0.211946 0.576112
0.211942 0.211942 0.576117
0.211944 0.211952 0.576103
0.211976 0.212070 0.575954
0.211943 0.211947 0.576110
0.211952 0.211981 0.576067
0.211954 0.211987 0.576060
0.213391 0.217481 0.569128
0.211942 0.211942 0.576116
0.478985 0.293571 0.227443
0.211942 0.211942 0.576117
0.211947 0.211962 0.576091
0.211955 0.211992 0.576053
0.211949 0.211969 0.576082
0.211944 0.211952 0.576103
0.212402 0.213679 0.573919
0.212171 0.212806 0.575023
0.211974 0.212064 0.575962
0.211947 0.211964 0.576089
0.212087 0.212486 0.575427
0.211975 0.212068 0.575956
0.211980 0.212086 0.575934
0.211950 0.211972 0.576078
0.211952 0.211981 0.576067
0.211991 0.212129 0.575880
0.211980 0.212087 0.575933
0.211979 0.212082 0.575939
0.232788 0.362844 0.404368
0.211951 0.211976 0.576073
0.211977 0.212073 0.575950
0.212009 0.212195 0.575796
0.211942 0.211942 0.576117
0.211942 0.211942 0.576117
0.211971 0.212050 0.575979
0.211951 0.211979 0.576070
0.211950 0.211974 0.576076
0.212053 0.212358 0.575589
0.211951 0.211978 0.576071
0.211942 0.211944 0.576114
0.211960 0.212012 0.576027
0.211942 0.211942 0.576117
0.211942 0.211943 0.576115
0.211982 0.212091 0.575927
0.507172 0.223971 0.268858
0.211944 0.211951 0.576105
0.212327 0.213392 0.574281
0.211945 0.211954 0.576101
0.211948 0.211965 0.576087
0.211955 0.211992 0.576053
0.211942 0.211942 0.576117
0.211942 0.576115 0.211942
0.211964 0.212025 0.576012
0.211947 0.211962 0.576090
0.211942 0.211942 0.576117
0.211961 0.212013 0.576027
0.211967 0.212038 0.575995
0.211942 0.211942 0.576117
0.212754 0.215025 0.572221
0.211967 0.212038 0.575995
0.211954 0.211987 0.576059
0.211942 0.211942 0.576117
0.211942 0.211942 0.576117
0.211955 0.211993 0.576051
0.211942 0.211942 0.576117
0.211942 0.211942 0.576117
0.211959 0.212005 0.576036
0.212056 0.212371 0.575573
0.211943 0.211948 0.576109
0.211948 0.211967 0.576085
0.212029 0.212270 0.575701
0.211942 0.211943 0.576115
0.211958 0.212005 0.576037
0.211946 0.211958 0.576097
0.212256 0.575492 0.212252
0.211942 0.211942 0.576117
0.211942 0.211942 0.576117
0.211972 0.212055 0.575974
0.211951 0.211977 0.576071
0.211942 0.211944 0.576114
0.211981 0.212088 0.575932
0.576016 0.212021 0.211963
0.211972 0.212056 0.575972
0.211942 0.211942 0.576117
0.212172 0.212808 0.575020
0.211956 0.211997 0.576047
0.212364 0.213535 0.574100
0.211947 0.211962 0.576091
0.211968 0.212039 0.575993
0.211942 0.211942 0.576117
0.211946 0.211959 0.576095
0.211942 0.211942 0.576117
0.211942 0.211943 0.576115
0.223211 0.264070 0.512720
0.212171 0.212805 0.575024
0.211942 0.211942 0.576117
0.211949 0.211968 0.576083
0.212035 0.212291 0.575675
0.211948 0.211964 0.576088
0.211950 0.211973 0.576077
0.211948 0.211965 0.576087
0.211942 0.211942 0.576117
0.211945 0.211956 0.576098
0.212148 0.212717 0.575135
0.212073 0.212436 0.575491
0.211942 0.211942 0.576116
0.212150 0.212727 0.575123
0.212037 0.212301 0.575661
0.211942 0.211942 0.576117
0.211956 0.211994 0.576051
0.211942 0.211942 0.576117
0.212655 0.214643 0.572702
0.212026 0.212258 0.575715
0.213448 0.217716 0.568836
0.211945 0.211953 0.576102
0.212164 0.212779 0.575057
0.211995 0.212141 0.575864
0.211942 0.211942 0.576117
0.211951 0.211978 0.576070
0.211949 0.211971 0.576080
0.211948 0.211965 0.576087
0.212185 0.212858 0.574957
0.211975 0.212066 0.575960
0.212070 0.212424 0.575506
0.211944 0.211950 0.576106
0.211992 0.212132 0.575876
0.211942 0.211942 0.576117
0.212068 0.212416 0.575515
0.212108 0.212567 0.575325
0.211942 0.211942 0.576117
0.212348 0.213473 0.574180
0.212724 0.214907 0.572369
0.211944 0.211951 0.576105
0.211964 0.212026 0.576010
0.212924 0.215000 0.572076
0.211948 0.211965 0.576088
0.211942 0.211942 0.576116
0.211967 0.212039 0.575994
0.211962 0.212017 0.576021
0.211944 0.211951 0.576105
0.211948 0.211966 0.576086
0.211961 0.212015 0.576024
0.211942 0.211942 0.576117
0.211942 0.211942 0.576117
0.211942 0.211942 0.576117
0.211942 0.211942 0.576117
0.211942 0.211942 0.576117
0.228474 0.216071 0.555456
0.211942 0.211942 0.576117
0.211958 0.212002 0.576040
0.211945 0.211954 0.576101
0.211942 0.211942 0.576117
0.211951 0.211977 0.576072
0.211948 0.211964 0.576088
0.211961 0.212013 0.576026
0.211976 0.212070 0.575954
0.211944 0.211950 0.576106
0.212005 0.212149 0.575845
0.211942 0.211942 0.576117
0.211990 0.212123 0.575887
0.211942 0.211942 0.576117
0.212031 0.212277 0.575693
0.211948 0.211965 0.576087
0.213947 0.219692 0.566360
0.211974 0.212062 0.575965
0.211959 0.212006 0.576035
0.211991 0.212125 0.575884
0.211963 0.212021 0.576016
0.211944 0.211952 0.576104
0.575709 0.212264 0.212027
0.214361 0.221353 0.564286
0.211946 0.211958 0.576096
0.221571 0.254912 0.523516
0.212017 0.212225 0.575758
0.211942 0.211942 0.576117
0.211950 0.211972 0.576078
0.211950 0.211972 0.576078
0.211950 0.211973 0.576077
0.211942 0.211942 0.576117
0.211946 0.211957 0.576097
0.212014 0.212206 0.575780
0.211942 0.211942 0.576117
0.211942 0.211944 0.576114
0.211957 0.211998 0.576045
0.212173 0.212811 0.575016
0.211943 0.211947 0.576110
0.211942 0.211942 0.576117
0.212052 0.212354 0.575595
0.211943 0.211946 0.576111
0.211942 0.211943 0.576115
0.211942 0.211942 0.576117
0.212058 0.212377 0.575565
0.211981 0.212089 0.575930
0.211949 0.211969 0.576082
0.211979 0.212080 0.575941
0.212090 0.212496 0.575414
0.211948 0.211966 0.576086
0.575758 0.212225 0.212017
0.211942 0.211942 0.576117
0.211948 0.211965 0.576088
0.211957 0.212001 0.576042
0.212002 0.212167 0.575831
0.211942 0.211942 0.576116
0.211957 0.212001 0.576041
0.212368 0.213548 0.574084
0.212015 0.212217 0.575768
0.211985 0.212104 0.575911
0.211978 0.212078 0.575944
0.211942 0.211942 0.576117
0.211958 0.212004 0.576037
0.211942 0.211942 0.576117
0.211948 0.211966 0.576086
0.211982 0.212093 0.575925
0.211950 0.211974 0.576076
0.211956 0.211996 0.576048
0.211943 0.211946 0.576111
0.212075 0.212442 0.575482
0.211980 0.212087 0.575933
0.212951 0.215781 0.571269
0.212117 0.212602 0.575281
0.211945 0.211953 0.576102
0.211942 0.211942 0.576117
0.211952 0.211979 0.576069
0.213140 0.216486 0.570374
0.211952 0.211980 0.576068
0.211949 0.211971 0.576080
0.211946 0.211960 0.576094
0.211952 0.211979 0.576069
0.211972 0.212057 0.575970
0.211942 0.211942 0.576117
0.211946 0.211958 0.576095
0.212006 0.212184 0.575810
0.211942 0.211942 0.576117
0.211952 0.211981 0.576067
0.211993 0.212134 0.575873
0.212025 0.212256 0.575719
0.211973 0.212058 0.575969
0.211948 0.211966 0.576086
0.211955 0.211993 0.576051
0.211942 0.211942 0.576117
0.536999 0.219380 0.243621
0.562743 0.214889 0.222367
0.211942 0.211942 0.576117
0.211942 0.211942 0.576117
0.211942 0.211942 0.576117
0.211942 0.211942 0.576117
0.211942 0.211942 0.576117
0.211942 0.211942 0.576117
0.211943 0.211947 0.576110
0.211943 0.211948 0.576109
0.211954 0.211987 0.576059
0.211973 0.212058 0.575970
0.211947 0.211963 0.576089
0.211947 0.211961 0.576093
0.211942 0.211942 0.576117
0.212096 0.212520 0.575384
0.215488 0.225996 0.558516
0.211944 0.211950 0.576106
0.211948 0.211966 0.576086
0.211983 0.212098 0.575919
0.211960 0.212012 0.576028
0.211942 0.211942 0.576117
0.211942 0.211942 0.576117
0.211953 0.211983 0.576064
0.211951 0.211975 0.576074
0.211942 0.211942 0.576117
0.212019 0.212232 0.575748
0.212072 0.212432 0.575495
0.211945 0.211954 0.576101
0.211986 0.212106 0.575908
0.211956 0.211995 0.576049
0.211958 0.212003 0.576039
0.216366 0.229544 0.554090
0.211977 0.212075 0.575947
0.211987 0.212112 0.575900
0.211942 0.211942 0.576116
0.212068 0.212417 0.575515
0.211942 0.211942 0.576117
0.211942 0.211942 0.576117
0.211995 0.212140 0.575865
0.211984 0.212100 0.575917
0.212116 0.212597 0.575287
0.211948 0.211966 0.576087
0.211954 0.211990 0.576056
0.212017 0.212224 0.575759
0.211942 0.211942 0.576117
0.211963 0.212022 0.576015
0.211962 0.212016 0.576022
0.211951 0.211977 0.576073
0.211942 0.211942 0.576117
0.211948 0.211967 0.576084
0.211943 0.576115 0.211942
0.212163 0.212774 0.575063
0.212023 0.212245 0.575732
0.212006 0.212181 0.575814
0.211972 0.212057 0.575971
0.569923 0.216851 0.213226
0.211959 0.212007 0.576034
0.211942 0.211942 0.576117
0.211961 0.212013 0.576027
0.211943 0.211942 0.576114
0.211943 0.211948 0.576108
0.212010 0.212198 0.575792
0.211948 0.211967 0.576085
0.211951 0.211976 0.576074
0.211942 0.211942 0.576117
0.212043 0.212324 0.575633
0.211963 0.212022 0.576015
0.211954 0.211987 0.576059
0.211965 0.212028 0.576007
0.211954 0.211989 0.576056
0.211942 0.211942 0.576117
0.211942 0.211942 0.576117
0.211948 0.211967 0.576085
0.211942 0.211942 0.576117
0.576117 0.211942 0.211942
0.211942 0.211942 0.576117
0.211942 0.211942 0.576117
0.211942 0.211942 0.576117
0.211942 0.211942 0.576117
0.211942 0.211942 0.576117
0.211942 0.211942 0.576117
0.211982 0.212095 0.575923
0.211948 0.211965 0.576087
0.211942 0.211942 0.576117
0.211999 0.212157 0.575844
0.212011 0.212203 0.575786
0.211978 0.212078 0.575944
0.212101 0.212538 0.575361
0.212001 0.212165 0.575834
0.212009 0.212194 0.575797
0.212186 0.212862 0.574952
0.211942 0.211942 0.576117
0.211957 0.212001 0.576042
0.211961 0.212013 0.576026
0.575994 0.212039 0.211967
0.211942 0.211942 0.576117
0.211946 0.211957 0.576097
0.211948 0.211966 0.576085
0.211948 0.211966 0.576086
0.212240 0.213065 0.574695
0.211949 0.211968 0.576084
0.211942 0.211942 0.576117
0.232281 0.357692 0.410027
0.211943 0.211947 0.576110
0.211952 0.211980 0.576068
0.220945 0.240911 0.538144
0.211942 0.211942 0.576117
0.211942 0.211942 0.576117
0.211947 0.211964 0.576089
0.211942 0.211942 0.576117
0.211942 0.211942 0.576117
0.211959 0.212007 0.576034
0.211997 0.212150 0.575852
0.211942 0.211942 0.576117
0.211958 0.212005 0.576037
0.211954 0.211989 0.576057
0.211958 0.212004 0.576037
0.211947 0.211943 0.576110
0.211982 0.212093 0.575924
0.211942 0.211942 0.576117
0.211942 0.211942 0.576117
0.211952 0.211981 0.576067
0.211954 0.211987 0.576059
0.211943 0.211945 0.576112
0.211951 0.211976 0.576073
0.212566 0.214303 0.573131
0.211944 0.211951 0.576105
0.212676 0.214725 0.572599
0.211942 0.211942 0.576117
0.211942 0.211942 0.576117
0.211947 0.211960 0.576093
0.212041 0.212313 0.575646
0.211942 0.211942 0.576117
0.211942 0.211942 0.576117
0.576110 0.211947 0.211943
0.212133 0.212653 0.575214
0.211942 0.211942 0.576116
0.211942 0.211942 0.576117
0.211942 0.211942 0.576117
0.211946 0.211960 0.576094
0.211958 0.212003 0.576039
0.211965 0.212029 0.576006
0.211946 0.211959 0.576095
0.211966 0.212032 0.576002
0.211945 0.211954 0.576101
0.211947 0.211963 0.576090
0.211975 0.212067 0.575958
0.211965 0.212031 0.576004
0.211946 0.211957 0.576097
0.211942 0.211942 0.576117
0.212094 0.212515 0.575391
0.211972 0.212057 0.575970
0.211974 0.212062 0.575964
0.211948 0.211967 0.576084
0.211963 0.212023 0.576014
0.211975 0.212066 0.575960
0.211987 0.212113 0.575900
0.211942 0.211942 0.576117
0.211942 0.211942 0.576116
0.211948 0.211965 0.576087
0.211942 0.211942 0.576117
0.212739 0.214964 0.572297
0.212023 0.212247 0.575730
0.211945 0.211953 0.576102
0.211959 0.212006 0.576035
0.211951 0.211976 0.576073
0.211950 0.211972 0.576078
0.211942 0.211943 0.576115
0.576117 0.211942 0.211942
0.211942 0.211942 0.576117
0.211942 0.211942 0.576117
0.211942 0.211942 0.576117
0.211942 0.211942 0.576117
0.212038 0.212302 0.575660
0.211960 0.212012 0.576028
0.212038 0.212303 0.575659
0.211991 0.212108 0.575901
0.211942 0.211942 0.576117
0.211942 0.211942 0.576117
0.211949 0.211970 0.576080
0.211951 0.211978 0.576070
0.211976 0.212072 0.575952
0.211961 0.212014 0.576025
0.211942 0.211942 0.576117
0.211947 0.211963 0.576090
0.211946 0.211957 0.576097
0.212041 0.212314 0.575645
0.212043 0.212322 0.575635
0.211950 0.211974 0.576076
0.211961 0.212015 0.576024
0.211942 0.211942 0.576117
0.211957 0.211999 0.576045
0.211951 0.211975 0.576074
0.211942 0.211942 0.576117
0.211961 0.212013 0.576027
0.212070 0.212423 0.575507
0.211992 0.212130 0.575879
0.211977 0.576072 0.211951
0.211946 0.211959 0.576095
0.211942 0.211942 0.576117
0.211979 0.212083 0.575938
0.211947 0.211962 0.576091
0.211967 0.212037 0.575996
0.211954 0.211986 0.576060
0.214990 0.212746 0.572264
0.211944 0.211950 0.576106
0.212032 0.212267 0.575701
0.211952 0.211979 0.576069
0.211942 0.211942 0.576117
0.211962 0.212019 0.576018
0.211948 0.211967 0.576085
0.216058 0.213022 0.570920
0.211960 0.212009 0.576031
0.211948 0.211967 0.576085
0.211942 0.211942 0.576117
0.211942 0.211942 0.576117
0.211982 0.212092 0.575926
0.212054 0.212365 0.575580
0.211944 0.211951 0.576105
0.212012 0.212205 0.575784
0.212047 0.212336 0.575618
0.212283 0.213227 0.574490
0.219570 0.244459 0.535972
0.212397 0.213657 0.573946
0.211950 0.211972 0.576078
0.211956 0.211996 0.576048
0.214624 0.222410 0.562966
0.211952 0.211980 0.576068
0.211995 0.212140 0.575865
0.212042 0.212320 0.575637
0.212070 0.212425 0.575504
0.212042 0.212317 0.575642
0.211942 0.211942 0.576117
0.211947 0.211963 0.576090
0.211942 0.211942 0.576117
0.211942 0.211942 0.576117
0.212201 0.212026 0.575773
0.213027 0.216076 0.570897
0.211942 0.211942 0.576117
0.211943 0.211945 0.576112
0.211942 0.211942 0.576117
0.211942 0.211942 0.576117
0.211942 0.211943 0.576115
0.211942 0.211943 0.576115
0.211991 0.212128 0.575881
0.211953 0.211983 0.576064
0.211942 0.211942 0.576117
0.211952 0.211981 0.576067
0.211942 0.211942 0.576117
0.211964 0.212027 0.576009
0.211945 0.211953 0.576103
0.212010 0.212198 0.575793
0.211942 0.211942 0.576117
0.211942 0.211943 0.576116
0.212081 0.212465 0.575453
0.211942 0.211942 0.576117
0.211943 0.211947 0.576110
0.211960 0.212011 0.576028
0.211942 0.211942 0.576117
0.211942 0.211942 0.576117
0.211942 0.211942 0.576117
0.211950 0.211975 0.576075
0.211947 0.211962 0.576091
0.211942 0.211942 0.576117
0.211943 0.211942 0.576115
0.226386 0.285287 0.488327
0.211942 0.211942 0.576117
0.574794 0.212986 0.212219
0.216898 0.232077 0.551025
0.211946 0.211958 0.576096
0.211967 0.212037 0.575996
0.211964 0.212027 0.576009
0.212134 0.212665 0.575201
0.211954 0.211988 0.576058
0.211942 0.211942 0.576117
0.213337 0.217283 0.569379
0.211942 0.211942 0.576116
0.211948 0.211967 0.576084
0.211985 0.212105 0.575910
0.576075 0.211966 0.211959
0.211967 0.212037 0.575996
0.211950 0.211973 0.576077
0.211942 0.211942 0.576117
0.211942 0.211942 0.576117
0.211946 0.211957 0.576097
0.212090 0.212499 0.575411
0.540981 0.218696 0.240322
0.211942 0.211942 0.576117
0.212012 0.212205 0.575783
0.211974 0.212063 0.575963
0.211942 0.211945 0.576113
0.576068 0.211980 0.211952
0.212972 0.215862 0.571166
0.212297 0.213276 0.574427
0.212001 0.212163 0.575836
0.212233 0.213038 0.574729
0.211942 0.211942 0.576117
0.211942 0.211942 0.576117
0.212000 0.212160 0.575840
0.212043 0.212322 0.575635
0.211942 0.211943 0.576115
0.212025 0.212254 0.575721
0.211942 0.211942 0.576117
0.211943 0.211948 0.576108
0.211945 0.211956 0.576099
0.211942 0.211943 0.576115
0.211972 0.212055 0.575974
0.211944 0.211952 0.576103
0.211953 0.211983 0.576064
0.211942 0.211942 0.576117
0.211942 0.211942 0.576117
0.212100 0.212536 0.575365
0.211962 0.212020 0.576018
0.211942 0.211945 0.576113
0.211946 0.211957 0.576098
0.211942 0.211942 0.576117
0.212014 0.212213 0.575773
0.211942 0.211942 0.576117
0.211942 0.211942 0.576117
0.211942 0.211942 0.576117
0.211942 0.211942 0.576116
0.211997 0.212150 0.575853
0.211966 0.212034 0.576000
0.211943 0.211945 0.576112
0.211942 0.211942 0.576117
0.212013 0.212209 0.575779
0.576115 0.211943 0.211942
0.211942 0.211942 0.576117
0.211962 0.212020 0.576018
0.211956 0.211997 0.576047
0.212253 0.213113 0.574634
0.211944 0.211942 0.576114
0.211946 0.211957 0.576097
0.211942 0.211943 0.576115
0.211969 0.212045 0.575985
0.211960 0.212012 0.576028
0.211942 0.211942 0.576117
0.212040 0.212310 0.575650
0.211967 0.212037 0.575996
0.211942 0.211942 0.576117
0.211950 0.211973 0.576077
0.212177 0.212827 0.574996
0.211971 0.212052 0.575977
0.211974 0.212064 0.575962
0.211943 0.211947 0.576110
0.212001 0.212164 0.575835
0.211948 0.211964 0.576088
0.211942 0.211942 0.576117
0.211942 0.211942 0.576117
0.211942 0.211942 0.576117
0.212290 0.575675 0.212035
0.211942 0.211943 0.576115
0.211946 0.211960 0.576094
0.212058 0.212379 0.575563
0.212365 0.575578 0.212057
0.575165 0.212693 0.212142
0.211942 0.211942 0.576117
0.211942 0.211942 0.576117
0.211982 0.212093 0.575925
0.211942 0.211942 0.576117
0.212005 0.212178 0.575817
0.211957 0.211999 0.576044
0.211943 0.211947 0.576110
0.211943 0.211945 0.576112
0.211944 0.211951 0.576105
0.211946 0.211958 0.576096
0.211942 0.211942 0.576117
0.212045 0.212331 0.575624
0.223381 0.227003 0.549617
0.231089 0.333031 0.435880
0.211945 0.211954 0.576101
0.211942 0.211942 0.576117
0.211943 0.211945 0.576112
0.211942 0.211942 0.576117
0.211947 0.211960 0.576093
0.211952 0.211981 0.576066
0.575537 0.212399 0.212064
0.211956 0.211997 0.576046
0.212135 0.212668 0.575197
0.211999 0.212159 0.575842
0.211944 0.211949 0.576108
0.211942 0.211942 0.576117
0.211987 0.212113 0.575900
0.211985 0.212104 0.575911
0.212592 0.214392 0.573016
0.211959 0.212008 0.576033
0.211942 0.211942 0.576117
0.211944 0.211949 0.576108
0.388932 0.234009 0.377059
0.211947 0.211961 0.576092
0.211965 0.212028 0.576007
0.211945 0.211954 0.576102
0.216501 0.230187 0.553312
0.211942 0.211942 0.576117
0.211942 0.211942 0.576117
0.212113 0.575301 0.212586
0.211942 0.211942 0.576117
0.211942 0.211943 0.576115
0.212291 0.213214 0.574495
0.211942 0.211944 0.576114
0.211944 0.211951 0.576105
0.211942 0.211942 0.576117
0.211957 0.211998 0.576046
0.211942 0.211942 0.576116
0.211942 0.211942 0.576117
0.212009 0.212196 0.575795
0.211942 0.211943 0.576115
0.211942 0.211942 0.576117
0.211942 0.211942 0.576117
0.212089 0.212298 0.575613
0.211942 0.211942 0.576117
0.211994 0.212137 0.575869
0.211942 0.211942 0.576117
0.211962 0.212020 0.576018
0.211942 0.211942 0.576117
0.211942 0.211942 0.576117
0.211944 0.211951 0.576105
0.212367 0.213546 0.574086
0.211960 0.212011 0.576029
0.211942 0.211942 0.576117
0.211968 0.212042 0.575990
0.211942 0.211944 0.576113
0.212692 0.214591 0.572717
0.212013 0.212201 0.575786
0.211944 0.211950 0.576107
0.211942 0.211942 0.576117
0.212143 0.212698 0.575159
0.211950 0.211974 0.576075
0.211952 0.211982 0.576065
0.211942 0.211944 0.576113
0.211952 0.211979 0.576069
0.211958 0.212004 0.576038
0.211942 0.211942 0.576117
0.211942 0.211942 0.576117
0.211942 0.211942 0.576117
0.211949 0.211970 0.576080
0.211948 0.211965 0.576087
0.211942 0.211942 0.576117
0.211993 0.212133 0.575875
0.212124 0.212626 0.575250
0.213930 0.215727 0.570343
0.211942 0.211942 0.576117
0.212225 0.213009 0.574766
0.211943 0.211946 0.576111
0.211951 0.211976 0.576073
0.211981 0.212090 0.575928
0.212232 0.213034 0.574734
0.211951 0.211976 0.576073
0.211951 0.211977 0.576072
0.211965 0.212031 0.576004
0.211960 0.212011 0.576029
0.212091 0.212504 0.575405
0.211998 0.212154 0.575847
0.211948 0.211968 0.576084
0.211944 0.211951 0.576105
0.211944 0.211951 0.576105
0.211960 0.212011 0.576029
0.211942 0.211942 0.576117
0.212049 0.212344 0.575607
0.211942 0.211942 0.576117
0.211962 0.212019 0.576019
0.211956 0.211997 0.576047
0.211948 0.211964 0.576088
0.211942 0.211942 0.576117
0.211942 0.211942 0.576117
0.211942 0.211942 0.576117
0.212013 0.212208 0.575779
0.211951 0.211976 0.576073
0.211947 0.211962 0.576091
0.211953 0.211985 0.576062
0.211946 0.211958 0.576096
0.211955 0.211992 0.576053
0.211961 0.212014 0.576025
0.212010 0.212198 0.575792
0.211942 0.211942 0.576117
0.211959 0.212008 0.576032
0.211988 0.212118 0.575894
0.211942 0.211942 0.576117
0.211953 0.211984 0.576063
0.211957 0.211999 0.576044
0.211942 0.211942 0.576117
0.211957 0.211998 0.576045
0.211952 0.211982 0.576065
0.213593 0.212379 0.574028
0.211942 0.211942 0.576117
0.211942 0.211942 0.576117
0.211942 0.211942 0.576117
0.211946 0.211957 0.576097
0.211971 0.212051 0.575978
0.211966 0.212033 0.576000
0.211949 0.211968 0.576083
0.211942 0.211942 0.576117
0.211942 0.211943 0.576116
0.211945 0.211953 0.576102
0.211981 0.212089 0.575930
0.211943 0.211947 0.576110
0.211942 0.211943 0.576115
0.211946 0.211958 0.576096
0.211942 0.211942 0.576116
0.211985 0.212103 0.575912
0.211942 0.211942 0.576117
0.211942 0.211942 0.576116
0.211942 0.211942 0.576116
0.211942 0.211942 0.576117
0.211988 0.212115 0.575898
0.211949 0.211971 0.576080
0.211942 0.211942 0.576117
0.211964 0.212027 0.576008
0.211948 0.211964 0.576088
0.212077 0.212449 0.575474
0.211942 0.211942 0.576117
0.211942 0.211942 0.576117
0.211950 0.211973 0.576077
0.211945 0.211954 0.576102
0.211949 0.211970 0.576081
0.211958 0.212003 0.576039
0.211942 0.211942 0.576117
0.211942 0.211942 0.576117
0.211942 0.211942 0.576116
0.211963 0.212023 0.576014
0.211957 0.212001 0.576041
0.211942 0.211942 0.576117
0.211961 0.212015 0.576024
0.211943 0.211948 0.576109
0.211942 0.211942 0.576117
0.211964 0.212024 0.576012
0.211942 0.211942 0.576117
0.213389 0.212495 0.574116
0.211954 0.576060 0.211987
0.211948 0.211966 0.576086
0.211947 0.211960 0.576093
0.211977 0.212075 0.575948
0.211944 0.211952 0.576103
0.212046 0.212333 0.575622
0.212361 0.213390 0.574249
0.211942 0.211943 0.576115
0.212044 0.212327 0.575629
0.211967 0.212037 0.575996
0.211942 0.211942 0.576117
0.211942 0.211942 0.576117
0.211943 0.211946 0.576112
0.211942 0.211942 0.576117
0.211962 0.212018 0.576020
0.211978 0.212078 0.575944
0.211942 0.211942 0.576117
0.211994 0.212140 0.575866
0.211942 0.211942 0.576117
0.211946 0.211957 0.576097
0.243229 0.223742 0.533029
0.211944 0.211949 0.576107
0.212045 0.212329 0.575626
0.212147 0.211996 0.575857
0.211942 0.211942 0.576117
0.211944 0.211950 0.576107
0.211942 0.211942 0.576117
0.212649 0.214621 0.572730
0.211956 0.211994 0.576050
0.211958 0.212002 0.576040
0.212245 0.213082 0.574673
0.211973 0.212061 0.575966
0.211971 0.212053 0.575976
0.212221 0.212992 0.574787
0.211989 0.212120 0.575891
0.211943 0.211947 0.576110
0.212024 0.212253 0.575723
0.211942 0.211942 0.576117
0.211942 0.211942 0.576117
0.211943 0.211947 0.576110
0.211942 0.211942 0.576116
0.211942 0.211942 0.576117
0.211942 0.211943 0.576115
0.211959 0.212009 0.576032
0.211942 0.211942 0.576116
0.211946 0.211957 0.576097
0.211984 0.212100 0.575917
0.211969 0.212044 0.575987
0.211951 0.211978 0.576071
0.211969 0.212044 0.575987
0.211942 0.211942 0.576117
0.212030 0.212273 0.575698
0.226931 0.289462 0.483606
0.212628 0.214539 0.572833
0.211942 0.211942 0.576117
0.211969 0.212044 0.575987
0.211946 0.211959 0.576094
0.211945 0.211956 0.576098
0.211963 0.212023 0.576013
0.211974 0.212064 0.575962
0.211944 0.211950 0.576106
0.211942 0.211942 0.576117
0.211964 0.212027 0.576009
0.212014 0.212213 0.575774
0.211952 0.211980 0.576068
0.211955 0.211994 0.576051
0.211952 0.211982 0.576066
0.212104 0.212551 0.575345
0.212093 0.212431 0.575476
0.230150 0.449597 0.320253
0.211972 0.212055 0.575973
0.211942 0.211942 0.576117
0.212245 0.213084 0.574670
0.211942 0.211942 0.576117
0.211944 0.211951 0.576105
0.211973 0.212061 0.575966
0.211948 0.211966 0.576086
0.211942 0.211942 0.576117
0.211942 0.211942 0.576117
0.211942 0.211942 0.576117
0.233772 0.374393 0.391835
0.211955 0.211992 0.576053
0.211962 0.212019 0.576018
0.211960 0.212010 0.576030
0.212046 0.212333 0.575621
0.212008 0.212189 0.575803
0.211948 0.211966 0.576086
0.211953 0.211983 0.576064
0.211943 0.211947 0.576110
0.213381 0.217454 0.569165
0.212144 0.212702 0.575153
0.212023 0.212246 0.575731
0.211944 0.211949 0.576107
0.211943 0.211946 0.576112
0.214630 0.222446 0.562924
0.211947 0.211961 0.576092
0.211978 0.212080 0.575942
0.211942 0.211942 0.576117
0.211977 0.212073 0.575950
0.211951 0.211978 0.576071
0.212723 0.214059 0.573218
0.211942 0.211942 0.576117
0.211947 0.211964 0.576089
0.211981 0.212088 0.575931
0.212171 0.212804 0.575025
0.211976 0.212069 0.575955
0.211942 0.211944 0.576114
0.211944 0.211952 0.576103
0.389903 0.375439 0.234658
0.211942 0.211944 0.576114
0.211949 0.211969 0.576081
0.211942 0.211942 0.576117
0.211942 0.211942 0.576117
0.211942 0.211942 0.576117
0.211942 0.576117 0.211942
0.211989 0.212121 0.575890
0.211949 0.211968 0.576084
0.211946 0.211957 0.576098
0.211943 0.211948 0.576108
0.212206 0.212936 0.574858
0.211942 0.211942 0.576117
0.211942 0.211942 0.576117
0.211942 0.211943 0.576115
0.211967 0.212037 0.575996
0.211942 0.211942 0.576117
0.211942 0.211942 0.576117
0.225440 0.496066 0.278495
0.211955 0.211991 0.576055
0.211942 0.576116 0.211942
0.218016 0.237057 0.544927
0.212202 0.212921 0.574877
0.211993 0.212133 0.575875
0.211978 0.212079 0.575943
0.211942 0.211942 0.576117
0.211956 0.211995 0.576049
0.211947 0.211963 0.576090
0.211952 0.211980 0.576069
0.211942 0.211942 0.576117
0.211942 0.211942 0.576117
0.211942 0.211942 0.576117
0.211956 0.211995 0.576049
0.211942 0.211942 0.576117
0.211958 0.212003 0.576039
0.211943 0.211947 0.576110
0.211973 0.212051 0.575976
0.211971 0.212050 0.575979
0.211979 0.212084 0.575937
0.211959 0.212008 0.576033
0.211942 0.211943 0.576115
0.211958 0.212001 0.576041
0.211951 0.211976 0.576074
0.211944 0.211949 0.576108
0.211950 0.211974 0.576076
0.211942 0.211942 0.576117
0.211957 0.211998 0.576045
0.211942 0.211942 0.576116
0.211952 0.211980 0.576068
0.211942 0.211942 0.576117
0.211942 0.211943 0.576115
0.211946 0.211958 0.576096
0.211947 0.211963 0.576090
0.212202 0.212669 0.575129
0.211979 0.212082 0.575939
0.211971 0.212053 0.575976
0.211942 0.211945 0.576112
0.211942 0.211942 0.576117
0.211942 0.211942 0.576116
0.211942 0.211942 0.576117
0.211951 0.211977 0.576072
0.211964 0.212026 0.576010
0.211947 0.211963 0.576090
0.211942 0.211942 0.576117
0.211971 0.212053 0.575976
0.211942 0.211942 0.576117
0.211942 0.211942 0.576117
0.211944 0.211950 0.576106
0.211972 0.212054 0.575974
0.211942 0.211942 0.576117
0.211962 0.212020 0.576018
0.211947 0.211961 0.576092
0.211982 0.212093 0.575925
0.211988 0.212115 0.575897
0.211942 0.211942 0.576117
0.211951 0.211978 0.576071
0.211942 0.211942 0.576117
0.523219 0.221617 0.255164
0.212346 0.212049 0.575605
0.211946 0.211958 0.576096
0.211962 0.212017 0.576021
0.211950 0.211972 0.576078
0.211954 0.211989 0.576057
0.211942 0.211942 0.576117
0.211942 0.211942 0.576117
0.212256 0.213124 0.574620
0.211942 0.211942 0.576116
0.212025 0.212255 0.575720
0.212326 0.212044 0.575630
0.211942 0.211942 0.576117
0.211943 0.211946 0.576111
0.211946 0.211960 0.576094
0.213897 0.566609 0.219493
0.211943 0.211946 0.576112
0.211961 0.212016 0.576023
0.211947 0.211962 0.576091
0.212002 0.212166 0.575832
0.211976 0.212072 0.575952
0.211943 0.211948 0.576109
0.212184 0.212722 0.575094
0.213114 0.574622 0.212264
0.211945 0.211953 0.576102
0.211948 0.211966 0.576086
0.212804 0.215213 0.571983
0.211942 0.211942 0.576117
0.211942 0.211942 0.576117
0.211972 0.212056 0.575972
0.211978 0.212080 0.575942
0.211942 0.211942 0.576117
0.211969 0.212044 0.575988
0.211988 0.212115 0.575897
0.211942 0.211942 0.576117
0.211950 0.211973 0.576077
0.212080 0.212460 0.575460
0.212022 0.212244 0.575734
0.211968 0.212042 0.575989
0.211964 0.212027 0.576009
0.211966 0.212032 0.576003
0.212441 0.212270 0.575289
0.211944 0.211951 0.576104
0.211989 0.212119 0.575892
0.211948 0.211967 0.576085
0.212124 0.212627 0.575249
0.211992 0.212130 0.575879
0.211992 0.212130 0.575878
0.211945 0.211954 0.576101
0.211942 0.211942 0.576117
0.211944 0.211952 0.576104
0.211943 0.211946 0.576111
0.211954 0.211990 0.576056
0.211945 0.211956 0.576098
0.213659 0.573944 0.212397
0.211942 0.211942 0.576117
0.211942 0.211945 0.576113
0.211965 0.212029 0.576006
0.211986 0.212107 0.575907
0.211947 0.211962 0.576090
0.211942 0.211942 0.576117
0.211952 0.211981 0.576067
0.212013 0.212210 0.575777
0.211947 0.211960 0.576093
0.211943 0.211947 0.576111
0.211942 0.211942 0.576116
0.575956 0.212069 0.211975
0.211945 0.211956 0.576098
0.211963 0.212020 0.576017
0.211945 0.211954 0.576101
0.211959 0.212008 0.576032
0.211942 0.211944 0.576114
0.211945 0.211953 0.576103
0.212039 0.212306 0.575655
0.212053 0.212361 0.575586
0.212773 0.572131 0.215096
0.212053 0.212361 0.575586
0.211942 0.211942 0.576117
0.211953 0.211985 0.576062
0.212034 0.212289 0.575676
0.211948 0.211964 0.576088
0.211942 0.211942 0.576117
0.550129 0.232809 0.217062
0.212640 0.214587 0.572772
0.211942 0.211942 0.576117
0.211946 0.211958 0.576097
0.211942 0.211942 0.576117
0.211942 0.211942 0.576117
0.211942 0.211942 0.576117
0.211957 0.211999 0.576044
0.211944 0.211949 0.576107
0.211942 0.211942 0.576117
0.212092 0.212508 0.575400
0.211959 0.212008 0.576033
0.211942 0.211942 0.576117
0.212204 0.575783 0.212013
0.213085 0.216299 0.570616
0.212120 0.212610 0.575271
0.211942 0.211942 0.576117
0.211948 0.211966 0.576086
0.212023 0.212248 0.575729
0.213539 0.218017 0.568444
0.211953 0.211983 0.576064
0.211973 0.212061 0.575966
0.211964 0.212027 0.576008
0.223638 0.266806 0.509556
0.211956 0.211995 0.576050
0.211947 0.211963 0.576090
0.211955 0.211990 0.576055
0.211942 0.211942 0.576117
0.212052 0.212355 0.575593
0.211978 0.212079 0.575943
0.213003 0.215857 0.571140
0.219582 0.244393 0.536025
0.212033 0.212286 0.575680
0.211942 0.211942 0.576117
0.211949 0.211969 0.576082
0.498295 0.225156 0.276550
0.211947 0.211960 0.576093
0.212160 0.212762 0.575078
0.212022 0.212244 0.575734
0.211955 0.211992 0.576053
0.211956 0.211994 0.576051
0.211942 0.211942 0.576117
0.212003 0.212170 0.575827
0.228346 0.470248 0.301407
0.216298 0.229456 0.554246
0.211983 0.212097 0.575920
0.211951 0.211976 0.576073
0.211988 0.212114 0.575898
0.211944 0.211950 0.576106
0.215577 0.226376 0.558047
0.211943 0.211942 0.576116
0.212065 0.212405 0.575530
0.211951 0.211976 0.576073
0.211948 0.211964 0.576088
0.211943 0.211947 0.576110
0.211968 0.212042 0.575990
0.211942 0.211942 0.576117
0.211944 0.211952 0.576103
0.211955 0.211994 0.576051
0.211942 0.211942 0.576117
0.211942 0.211942 0.576117
0.211955 0.211992 0.576054
0.212044 0.212325 0.575632
0.211942 0.211942 0.576117
0.211942 0.211942 0.576117
0.211942 0.211942 0.576117
0.211945 0.211954 0.576101
0.211950 0.211975 0.576075
0.211955 0.211991 0.576054
0.211956 0.211995 0.576050
0.211965 0.212029 0.576005
0.219196 0.242722 0.538082
0.211966 0.212032 0.576002
0.211972 0.212056 0.575972
0.211950 0.211972 0.576078
0.211962 0.212019 0.576019
0.211970 0.212049 0.575980
0.211963 0.212024 0.576013
0.211942 0.211942 0.576117
0.211976 0.212069 0.575955
0.211942 0.211942 0.576117
0.211962 0.212018 0.576020
0.212098 0.212527 0.575375
0.211950 0.211974 0.576076
0.211942 0.211942 0.576117
0.211954 0.211988 0.576059
0.211942 0.211942 0.576117
0.217123 0.233069 0.549807
0.211944 0.211942 0.576114
0.211954 0.211990 0.576056
0.212046 0.212335 0.575619
0.211942 0.211942 0.576117
0.211945 0.211956 0.576099
0.561097 0.223915 0.214988
0.211942 0.211942 0.576116
0.211942 0.211943 0.576115
0.211942 0.211942 0.576117
0.211942 0.211942 0.576117
0.211942 0.211944 0.576113
0.212067 0.212411 0.575523
0.211949 0.211969 0.576082
0.211942 0.211942 0.576117
0.211942 0.211942 0.576117
0.211942 0.211942 0.576117
0.211942 0.211942 0.576117
0.211942 0.211942 0.576117
0.211942 0.211942 0.576117
0.211942 0.211943 0.576115
0.212339 0.213439 0.574222
0.211943 0.211948 0.576109
0.213115 0.216415 0.570470
0.211973 0.212061 0.575965
0.211950 0.211972 0.576078
0.211942 0.211942 0.576117
0.211942 0.211942 0.576117
0.211942 0.211942 0.576117
0.212171 0.212802 0.575027
0.212509 0.214085 0.573407
0.211942 0.211942 0.576117
0.211942 0.211942 0.576117
0.211942 0.211942 0.576117
0.211942 0.211942 0.576117
0.211944 0.211950 0.576106
0.214152 0.220512 0.565336
0.212857 0.215244 0.571899
0.211989 0.212119 0.575892
0.212203 0.212926 0.574870
0.211942 0.211942 0.576116
0.211996 0.212146 0.575857
0.212699 0.572490 0.214811
0.211948 0.211965 0.576087
0.211947 0.211963 0.576089
0.211942 0.211942 0.576117
0.211942 0.211942 0.576117
0.211971 0.212053 0.575976
0.217228 0.549226 0.233546
0.212954 0.215791 0.571255
0.212014 0.212212 0.575775
0.211942 0.211942 0.576117
0.211949 0.211970 0.576080
0.228482 0.302661 0.468856
0.211953 0.211986 0.576061
0.211946 0.211957 0.576098
0.211966 0.212033 0.576001
0.211944 0.211951 0.576106
0.211946 0.211959 0.576094
0.211944 0.211952 0.576104
0.211954 0.211988 0.576058
0.212501 0.212792 0.574707
0.211949 0.211970 0.576080
0.211942 0.211942 0.576117
0.212020 0.212237 0.575742
0.211952 0.211980 0.576068
0.211942 0.211945 0.576113
0.211944 0.211952 0.576103
0.211945 0.211954 0.576101
0.211957 0.211998 0.576045
0.211942 0.211945 0.576113
0.211952 0.211981 0.576067
0.212268 0.213168 0.574564
0.211968 0.212040 0.575992
0.211993 0.212135 0.575871
0.211947 0.211963 0.576090
0.212049 0.212345 0.575606
0.212046 0.212334 0.575620
0.211955 0.211993 0.576052
0.211946 0.211959 0.576095
0.211942 0.211942 0.576117
0.211949 0.211970 0.576081
0.211942 0.211942 0.576116
0.576081 0.211970 0.211949
0.211942 0.211942 0.576117
0.211942 0.211942 0.576117
0.211942 0.211942 0.576117
0.211947 0.211961 0.576093
0.211969 0.212046 0.575985
0.211942 0.211942 0.576117
0.211958 0.212002 0.576041
0.211942 0.211942 0.576117
0.214823 0.223237 0.561940
0.211942 0.576116 0.211943
0.212419 0.213742 0.573839
0.211954 0.211988 0.576058
0.211942 0.211942 0.576116
0.212013 0.212209 0.575778
0.211977 0.212073 0.575950
0.211945 0.211955 0.576100
0.211942 0.211942 0.576117
0.211942 0.211942 0.576117
0.211959 0.212007 0.576034
0.211944 0.211949 0.576107
0.229046 0.308109 0.462845
0.211942 0.211942 0.576117
0.211942 0.211942 0.576117
0.211960 0.212009 0.576031
0.576109 0.211943 0.211948
0.211943 0.211946 0.576111
0.211948 0.211965 0.576088
0.211964 0.212025 0.576011
0.211982 0.212092 0.575926
0.211942 0.211943 0.576115
0.211942 0.211944 0.576114
0.211942 0.211942 0.576117
0.211964 0.212025 0.576011
0.211997 0.212148 0.575855
0.211943 0.211946 0.576111
0.211942 0.211942 0.576117
0.211942 0.211942 0.576117
0.211942 0.211942 0.576117
0.211942 0.211942 0.576117
0.228967 0.465431 0.305601
0.211950 0.211974 0.576076
0.211942 0.211942 0.576117
0.211953 0.211983 0.576064
0.212145 0.212708 0.575147
0.221130 0.252537 0.526332
0.211942 0.211942 0.576117
0.211956 0.211996 0.576048
0.211942 0.211942 0.576116
0.211947 0.211962 0.576091
0.211955 0.211992 0.576053
0.211953 0.211983 0.576065
0.211952 0.211980 0.576068
0.211942 0.211942 0.576117
0.212226 0.213012 0.574761
0.212113 0.212587 0.575299
0.211942 0.211942 0.576117
0.211942 0.211942 0.576117
0.211947 0.211960 0.576093
0.211942 0.211942 0.576117
0.211942 0.211942 0.576117
0.211942 0.211945 0.576113
0.211944 0.211951 0.576105
0.211955 0.211991 0.576055
0.211948 0.211967 0.576084
0.211942 0.211942 0.576117
0.575611 0.212341 0.212048
0.211964 0.212027 0.576009
0.211942 0.211942 0.576117
0.211942 0.211943 0.576115
0.211984 0.212102 0.575914
0.212086 0.212483 0.575431
0.211976 0.212071 0.575953
0.211942 0.211942 0.576117
0.212334 0.213422 0.574244
0.212010 0.212198 0.575792
0.212129 0.212646 0.575224
0.211954 0.211989 0.576056
0.211979 0.212083 0.575937
0.212617 0.214496 0.572887
0.212132 0.212656 0.575212
0.211947 0.211960 0.576093
0.211942 0.211942 0.576117
0.214646 0.222513 0.562840
0.212169 0.212796 0.575035
0.211945 0.211955 0.576100
0.212000 0.212161 0.575839
0.211987 0.212110 0.575903
0.211947 0.211962 0.576091
0.211960 0.212010 0.576031
0.211957 0.212001 0.576042
0.211944 0.211950 0.576106
0.212021 0.212129 0.575849
0.211942 0.211942 0.576117
0.211945 0.211956 0.576099
0.211942 0.211942 0.576116
0.211943 0.576112 0.211945
0.211942 0.211942 0.576117
0.211952 0.211980 0.576068
0.211943 0.211946 0.576112
0.211944 0.211950 0.576107
0.576019 0.212019 0.211962
0.211944 0.211950 0.576106
0.211942 0.211942 0.576117
0.211942 0.211942 0.576117
0.211942 0.211942 0.576117
0.211942 0.211942 0.576117
0.211951 0.211977 0.576072
0.211943 0.211946 0.576112
0.211942 0.576116 0.211942
0.211942 0.211942 0.576117
0.211965 0.212031 0.576004
0.211947 0.211961 0.576092
0.211942 0.211942 0.576117
0.211942 0.211942 0.576117
0.211942 0.211942 0.576117
0.211942 0.211942 0.576117
0.211942 0.211942 0.576117
0.211942 0.211942 0.576117
0.211963 0.212022 0.576015
0.211942 0.211942 0.576116
0.211945 0.211955 0.576100
0.211965 0.576004 0.212031
0.211942 0.211942 0.576117
0.211942 0.211942 0.576117
0.211948 0.211968 0.576084
0.211942 0.211942 0.576117
0.211976 0.212072 0.575952
0.211942 0.211942 0.576117
0.211947 0.211963 0.576090
0.211944 0.211952 0.576104
0.211943 0.211946 0.576111
0.211942 0.211942 0.576117
0.211943 0.211947 0.576111
0.211942 0.211942 0.576117
0.211947 0.211962 0.576091
0.211943 0.211945 0.576112
0.211952 0.211979 0.576069
0.212678 0.573532 0.213790
0.211960 0.212011 0.576028
0.211942 0.211942 0.576117
0.211942 0.211942 0.576117
0.211942 0.211942 0.576117
0.211945 0.211955 0.576099
0.211942 0.211942 0.576117
0.211956 0.211995 0.576049
0.211942 0.211942 0.576117
0.212662 0.573484 0.213854
0.211943 0.211949 0.576108
0.211943 0.211948 0.576108
0.212019 0.212234 0.575747
0.211942 0.211945 0.576113
0.211980 0.211952 0.576068
0.211949 0.211968 0.576084
0.211942 0.211942 0.576117
0.211946 0.211956 0.576098
0.211983 0.212097 0.575920
0.211974 0.212064 0.575962
0.211942 0.211942 0.576117
0.220639 0.214821 0.564540
0.212279 0.213210 0.574511
0.212352 0.213489 0.574159
0.211947 0.211960 0.576093
0.211944 0.211952 0.576104
0.212292 0.213260 0.574449
0.211949 0.211970 0.576081
0.212498 0.212997 0.574505
0.211949 0.211971 0.576080
0.211942 0.211942 0.576117
0.211942 0.211942 0.576117
0.211942 0.211942 0.576117
0.213686 0.218655 0.567659
0.211972 0.212054 0.575974
0.211944 0.211950 0.576106
0.211948 0.211966 0.576086
0.211942 0.211942 0.576116
0.211946 0.211960 0.576094
0.211942 0.211942 0.576117
0.211942 0.211944 0.576114
0.211947 0.211963 0.576089
0.212008 0.212191 0.575801
0.211960 0.212010 0.576031
0.211949 0.211969 0.576082
0.212088 0.212492 0.575420
0.211942 0.211942 0.576117
0.211942 0.211944 0.576114
0.211966 0.212035 0.575999
0.211942 0.211945 0.576113
0.214482 0.221845 0.563673
0.211942 0.211942 0.576117
0.211945 0.211955 0.576100
0.211945 0.211955 0.576100
0.211963 0.212020 0.576017
0.212023 0.212247 0.575730
0.211946 0.211957 0.576098
0.211942 0.211942 0.576116
0.211942 0.211942 0.576117
0.575970 0.212057 0.211972
0.224090 0.506344 0.269566
0.211948 0.211967 0.576084
0.211962 0.212018 0.576020
0.212138 0.212678 0.575185
0.211942 0.211942 0.576117
0.211959 0.212008 0.576033
0.211974 0.212063 0.575963
0.211971 0.212053 0.575976
0.211942 0.211942 0.576117
0.212017 0.212200 0.575783
0.575029 0.212801 0.212170
0.211997 0.212151 0.575851
0.211942 0.211942 0.576117
0.211942 0.211942 0.576117
0.211942 0.211942 0.576117
0.211942 0.211942 0.576117
0.211942 0.211942 0.576117
0.211942 0.211942 0.576117
0.212232 0.212946 0.574823
0.211942 0.211942 0.576116
0.212028 0.212266 0.575706
0.214339 0.221265 0.564396
0.216314 0.229523 0.554162
0.211980 0.212084 0.575936
0.220776 0.250674 0.528550
0.212122 0.212621 0.575257
0.211942 0.211942 0.576117
0.211942 0.211942 0.576117
0.211942 0.211942 0.576116
0.211943 0.211946 0.576111
0.212013 0.212209 0.575778
0.211943 0.211948 0.576108
0.212018 0.212227 0.575755
0.211949 0.211969 0.576082
0.229889 0.317112 0.452999
0.211954 0.211987 0.576059
0.211945 0.211953 0.576103
0.211950 0.211971 0.576079
0.211957 0.212000 0.576043
0.211943 0.211948 0.576109
0.211944 0.211949 0.576107
0.211942 0.211942 0.576117
0.211942 0.211942 0.576116
0.211952 0.211980 0.576069
0.211956 0.211995 0.576049
0.211953 0.211983 0.576064
0.211943 0.211948 0.576109
0.211946 0.211959 0.576095
0.211950 0.211975 0.576075
0.570845 0.213053 0.216102
0.211942 0.211942 0.576116
0.211942 0.211942 0.576117
0.211946 0.211958 0.576095
0.211942 0.211942 0.576117
0.211971 0.211949 0.576080
0.211942 0.211942 0.576117
0.211962 0.212020 0.576018
0.212284 0.213230 0.574486
0.211944 0.211950 0.576106
0.211975 0.212065 0.575960
0.212079 0.212457 0.575465
0.211962 0.212017 0.576022
0.212123 0.212617 0.575260
0.212409 0.213706 0.573885
0.215773 0.214089 0.570138
0.212010 0.212196 0.575794
0.212046 0.212334 0.575619
0.211951 0.211978 0.576071
0.213369 0.216600 0.570031
0.211950 0.211973 0.576076
0.211958 0.212003 0.576038
0.211965 0.212029 0.576006
0.211942 0.211942 0.576117
0.212003 0.212173 0.575823
0.211942 0.211942 0.576117
0.211942 0.211942 0.576117
0.232390 0.361267 0.406343
0.211942 0.211942 0.576117
0.212695 0.214785 0.572520
0.211973 0.212058 0.575970
0.211981 0.212090 0.575928
0.211942 0.211942 0.576117
0.211966 0.212034 0.576000
0.212198 0.212905 0.574897
0.211957 0.212000 0.576043
0.213006 0.215993 0.571001
0.211954 0.211989 0.576056
0.211956 0.211997 0.576047
0.211942 0.211942 0.576117
0.211967 0.212038 0.575995
0.211943 0.211947 0.576110
0.212225 0.213007 0.574768
0.211942 0.211942 0.576117
0.211942 0.211942 0.576117
0.211942 0.211942 0.576117
0.211943 0.211947 0.576110
0.211944 0.211949 0.576107
0.211942 0.211942 0.576117
0.211942 0.211942 0.576117
0.218272 0.545170 0.236559
0.212181 0.212841 0.574978
0.211969 0.212044 0.575987
0.211950 0.211973 0.576077
0.224477 0.560399 0.215124
0.212052 0.212358 0.575590
0.214210 0.220743 0.565047
0.211958 0.212002 0.576041
0.212087 0.212486 0.575427
0.211943 0.211949 0.576108
0.211963 0.212021 0.576017
0.216556 0.230520 0.552924
0.212100 0.212538 0.575362
0.212024 0.212200 0.575776
0.211956 0.211996 0.576048
0.211943 0.211947 0.576109
0.576117 0.211942 0.211942
0.211942 0.211942 0.576117
0.211943 0.211948 0.576108
0.211954 0.211988 0.576058
0.211948 0.211964 0.576088
0.212199 0.212909 0.574892
0.211977 0.212073 0.575950
0.212133 0.212661 0.575205
0.212028 0.212266 0.575705
0.211973 0.212060 0.575967
0.211942 0.211942 0.576117
0.211989 0.212119 0.575892
0.211942 0.211942 0.576117
0.211968 0.212039 0.575994
0.211968 0.212042 0.575990
0.211964 0.212027 0.576009
0.211942 0.211942 0.576117
0.211945 0.211954 0.576101
0.211942 0.211942 0.576117
0.211942 0.211942 0.576117
0.211942 0.211942 0.576117
0.212361 0.213522 0.574117
0.211950 0.211975 0.576075
0.211942 0.211945 0.576113
0.212725 0.214911 0.572364
0.211944 0.211950 0.576107
0.211974 0.212063 0.575963
0.212074 0.212440 0.575486
0.212046 0.212334 0.575620
0.211946 0.211956 0.576098
0.211942 0.211944 0.576114
0.211947 0.211960 0.576093
0.211942 0.211942 0.576117
0.211949 0.211968 0.576083
0.211952 0.211981 0.576067
0.212064 0.212403 0.575533
0.211942 0.211942 0.576117
0.211942 0.211945 0.576113
0.211950 0.211972 0.576078
0.211945 0.211955 0.576100
0.211957 0.212000 0.576043
0.211946 0.211960 0.576094
0.211984 0.212100 0.575916
0.212024 0.212252 0.575724
0.228233 0.300355 0.471413
0.211972 0.212057 0.575970
0.211961 0.212013 0.576027
0.211961 0.212014 0.576025
0.212169 0.212788 0.575044
0.212220 0.212988 0.574792
0.212099 0.212534 0.575367
0.212020 0.212235 0.575745
0.213526 0.218024 0.568450
0.211942 0.211942 0.576117
0.211942 0.211942 0.576117
0.212020 0.212235 0.575746
0.211947 0.211961 0.576092
0.211966 0.212034 0.576000
0.211960 0.212012 0.576028
0.212887 0.215533 0.571580
0.211942 0.211942 0.576117
0.211942 0.211942 0.576117
0.230026 0.451211 0.318763
0.214371 0.212918 0.572711
0.212240 0.213029 0.574731
0.211942 0.211942 0.576117
0.211972 0.212055 0.575973
0.212105 0.212556 0.575339
0.221276 0.249595 0.529129
0.211942 0.211942 0.576117
0.215402 0.225639 0.558959
0.211947 0.211962 0.576091
0.212103 0.212546 0.575352
0.211955 0.211990 0.576055
0.211960 0.212010 0.576031
0.211953 0.211985 0.576062
0.211942 0.211943 0.576115
0.211942 0.211942 0.576117
0.211942 0.211942 0.576117
0.212380 0.213593 0.574027
0.211954 0.211990 0.576056
0.211972 0.212054 0.575974
0.211942 0.211942 0.576117
0.211952 0.211982 0.576065
0.212032 0.576003 0.211966
0.211945 0.211955 0.576099
0.211942 0.211942 0.576117
0.212491 0.213798 0.573711
0.211959 0.212008 0.576032
0.211950 0.211972 0.576079
0.211951 0.211977 0.576073
0.211956 0.211997 0.576046
0.211950 0.211974 0.576075
0.211942 0.211942 0.576117
0.211957 0.211998 0.576045
0.211946 0.211956 0.576098
0.214217 0.220774 0.565009
0.211971 0.212052 0.575977
0.211985 0.212106 0.575909
0.211944 0.211952 0.576103
0.211946 0.211958 0.576096
0.211972 0.212057 0.575970
0.211942 0.211942 0.576117
0.211942 0.211942 0.576117
0.211942 0.211942 0.576117
0.211942 0.211942 0.576116
0.211942 0.211942 0.576117
0.212374 0.213285 0.574340
0.211942 0.211942 0.576117
0.211942 0.211942 0.576117
0.211942 0.211942 0.576117
0.211942 0.211942 0.576117
0.211942 0.211942 0.576117
0.211950 0.211973 0.576076
0.211950 0.211973 0.576077
0.211949 0.211969 0.576083
0.211942 0.211942 0.576117
0.211945 0.211955 0.576100
0.211942 0.211942 0.576117
0.211951 0.211977 0.576072
0.211998 0.212152 0.575851
0.211942 0.211942 0.576116
0.211991 0.212128 0.575881
0.211953 0.211985 0.576062
0.211958 0.212003 0.576040
0.211942 0.211942 0.576117
0.211948 0.211964 0.576088
0.211946 0.211960 0.576094
0.211944 0.211950 0.576107
0.211951 0.211977 0.576072
0.211942 0.211942 0.576117
0.212073 0.212436 0.575491
0.211942 0.211942 0.576116
0.211988 0.212117 0.575894
0.211944 0.211949 0.576107
0.211942 0.211942 0.576117
0.211964 0.212024 0.576012
0.211943 0.211948 0.576108
0.211942 0.211942 0.576117
0.212006 0.212184 0.575810
0.211966 0.212035 0.575999
0.211942 0.211942 0.576117
0.211944 0.211950 0.576106
0.211950 0.211973 0.576077
0.211944 0.211949 0.576107
0.211994 0.212139 0.575867
0.212018 0.212226 0.575756
0.211970 0.212047 0.575983
0.212762 0.215052 0.572186
0.211968 0.212039 0.575994
0.211960 0.212012 0.576028
0.213460 0.217764 0.568776
0.211979 0.212083 0.575937
0.211957 0.211999 0.576044
0.211958 0.212003 0.576039
0.212354 0.213461 0.574185
0.232234 0.411479 0.356287
0.212115 0.212594 0.575291
0.229305 0.310758 0.459937
0.212012 0.212206 0.575782
0.211951 0.211976 0.576073
0.212288 0.213246 0.574467
0.211945 0.211953 0.576102
0.211942 0.211942 0.576117
0.211947 0.211964 0.576089
0.211950 0.211975 0.576075
0.211968 0.212041 0.575991
0.211943 0.211948 0.576109
0.212020 0.212235 0.575745
0.211943 0.211948 0.576109
0.211961 0.212015 0.576023
0.212001 0.212165 0.575834
0.211947 0.211962 0.576091
0.211945 0.211953 0.576102
0.212022 0.212243 0.575735
0.211951 0.211975 0.576074
0.211942 0.211942 0.576117
0.211947 0.211961 0.576093
0.211954 0.211987 0.576059
0.211956 0.211996 0.576048
0.211952 0.211980 0.576068
0.213631 0.218438 0.567930
0.211942 0.211942 0.576116
0.213565 0.218120 0.568315
0.211945 0.211953 0.576102
0.212844 0.215355 0.571801
0.211952 0.211982 0.576065
0.212047 0.212338 0.575615
0.211955 0.211991 0.576054
0.211956 0.211995 0.576049
0.211947 0.211961 0.576092
0.211942 0.211944 0.576114
0.211942 0.211942 0.576117
0.211942 0.211945 0.576113
0.211959 0.212008 0.576033
0.211945 0.211956 0.576099
0.212032 0.212279 0.575689
0.211947 0.211961 0.576092
0.212045 0.212329 0.575626
0.211963 0.212024 0.576013
0.211953 0.211986 0.576061
0.211955 0.211991 0.576054
0.211978 0.212080 0.575942
0.211943 0.211948 0.576108
0.212138 0.212631 0.575232
0.211963 0.211979 0.576058
0.211974 0.212062 0.575964
0.211942 0.211942 0.576117
0.211942 0.211942 0.576117
0.211944 0.211950 0.576106
0.213024 0.216064 0.570912
0.211959 0.212006 0.576035
0.211973 0.212061 0.575965
0.211994 0.212136 0.575870
0.211955 0.211993 0.576051
0.211971 0.212051 0.575979
0.211984 0.212100 0.575916
0.211947 0.211962 0.576091
0.212077 0.212452 0.575471
0.211945 0.211953 0.576103
0.211956 0.211995 0.576049
0.212008 0.212192 0.575800
0.211973 0.212059 0.575967
0.211951 0.211978 0.576071
0.211948 0.211965 0.576087
0.211942 0.211942 0.576117
0.211946 0.211958 0.576096
0.211947 0.211962 0.576091
0.212464 0.213912 0.573624
0.211948 0.211966 0.576086
0.216219 0.229112 0.554670
0.212019 0.212152 0.575830
0.211956 0.211997 0.576047
0.218283 0.238375 0.543342
0.211942 0.211942 0.576117
0.212031 0.212277 0.575691
0.211988 0.212115 0.575897
0.212192 0.212885 0.574923
0.575791 0.212199 0.212010
0.212310 0.212610 0.575080
0.211942 0.211942 0.576117
0.211955 0.211993 0.576052
0.211969 0.212043 0.575988
0.211954 0.211988 0.576058
0.212018 0.212230 0.575752
0.211957 0.212001 0.576042
0.211994 0.212140 0.575866
0.213092 0.216327 0.570582
0.211956 0.211995 0.576049
0.211954 0.211987 0.576059
0.211944 0.211950 0.576107
0.212136 0.212673 0.575191
0.211945 0.211956 0.576099
0.251177 0.517029 0.231795
0.211942 0.211942 0.576117
0.211948 0.211965 0.576088
0.211942 0.211942 0.576117
0.211942 0.211943 0.576116
0.211946 0.211958 0.576096
0.211953 0.211984 0.576063
0.211949 0.211968 0.576083
0.212058 0.212378 0.575564
0.211942 0.211942 0.576117
0.211944 0.211951 0.576105
0.211942 0.211942 0.576117
0.211947 0.211964 0.576089
0.211945 0.211953 0.576103
0.211967 0.212038 0.575994
0.211962 0.212019 0.576019
0.211958 0.212005 0.576037
0.211952 0.211979 0.576069
0.211945 0.211955 0.576100
0.211942 0.211942 0.576117
0.211972 0.212056 0.575972
0.211968 0.212041 0.575991
0.211946 0.211958 0.576096
0.211943 0.211947 0.576110
0.211948 0.211966 0.576086
0.211975 0.212066 0.575959
0.211956 0.211996 0.576048
0.211972 0.212056 0.575972
0.211954 0.211986 0.576060
0.316730 0.390800 0.292470
0.211944 0.211951 0.576105
0.211952 0.211980 0.576068
0.213947 0.566360 0.219692
0.212409 0.213705 0.573886
0.211952 0.211980 0.576068
0.212005 0.212179 0.575816
0.575714 0.212260 0.212026
0.211948 0.211964 0.576088
0.211953 0.211984 0.576063
0.211942 0.211942 0.576117
0.211944 0.211950 0.576106
0.211959 0.212009 0.576032
0.449200 0.230746 0.320054
0.211944 0.211949 0.576107
0.211958 0.212004 0.576038
0.211969 0.212045 0.575986
0.211949 0.211969 0.576082
0.211954 0.211988 0.576058
0.211973 0.212058 0.575969
0.211943 0.576108 0.211948
0.212118 0.212606 0.575276
0.211942 0.211942 0.576117
0.211972 0.212057 0.575970
0.211973 0.212060 0.575967
0.232726 0.383258 0.384015
0.211950 0.211974 0.576075
0.211942 0.211942 0.576117
0.211942 0.211942 0.576117
0.212970 0.215852 0.571178
0.211942 0.211942 0.576117
0.212251 0.213106 0.574643
0.211942 0.211942 0.576117
0.211942 0.211943 0.576115
0.211945 0.576099 0.211956
0.575994 0.212039 0.211967
0.211949 0.211969 0.576083
0.212846 0.215219 0.571935
0.211944 0.211951 0.576105
0.212154 0.212740 0.575105
0.211942 0.211942 0.576117
0.212047 0.212335 0.575618
0.211942 0.211942 0.576117
0.211956 0.211996 0.576048
0.214035 0.220037 0.565927
0.217421 0.234418 0.548161
0.211943 0.211945 0.576112
0.211993 0.212136 0.575871
0.211947 0.211962 0.576091
0.211942 0.211942 0.576117
0.211950 0.211973 0.576077
0.373028 0.233485 0.393487
0.212064 0.212380 0.575556
0.214847 0.223336 0.561818
0.211944 0.211949 0.576107
0.211962 0.212018 0.576020
0.212263 0.213151 0.574587
0.211943 0.211945 0.576112
0.212176 0.212821 0.575003
0.211942 0.211942 0.576116
0.211955 0.211993 0.576052
0.211953 0.211984 0.576063
0.211948 0.211965 0.576087
0.211978 0.212080 0.575941
0.211960 0.212011 0.576029
0.212011 0.212201 0.575789
0.563972 0.221605 0.214423
0.211985 0.212103 0.575912
0.211982 0.212093 0.575925
0.212166 0.212786 0.575048
0.211942 0.211942 0.576117
0.212002 0.212169 0.575829
0.211953 0.211986 0.576060
0.219675 0.562179 0.218146
0.211943 0.211947 0.576110
0.211943 0.211945 0.576112
0.211984 0.212070 0.575946
0.211952 0.211981 0.576067
0.212014 0.212214 0.575772
0.221353 0.243014 0.535633
0.211953 0.211985 0.576062
0.211943 0.211949 0.576108
0.212820 0.215078 0.572102
0.211962 0.212018 0.576021
0.211982 0.212093 0.575925
0.211949 0.211968 0.576084
0.211942 0.211944 0.576114
0.211943 0.211946 0.576112
0.211942 0.211942 0.576117
0.211942 0.211945 0.576113
0.211953 0.211985 0.576062
0.212047 0.212336 0.575618
0.212135 0.212669 0.575195
0.211942 0.211944 0.576114
0.213507 0.217948 0.568545
0.211945 0.211953 0.576102
0.213891 0.213007 0.573102
0.211951 0.211976 0.576073
0.211952 0.211980 0.576068
0.211950 0.211972 0.576079
0.211942 0.211942 0.576117
0.211957 0.211998 0.576045
0.211942 0.211942 0.576117
0.212022 0.212242 0.575736
0.211967 0.212037 0.575995
0.212061 0.212390 0.575549
0.211944 0.211949 0.576107
0.212145 0.212705 0.575150
0.211942 0.211942 0.576117
0.212194 0.212889 0.574917
0.211949 0.211970 0.576081
0.211943 0.211946 0.576112
0.211948 0.211967 0.576085
0.211962 0.212018 0.576020
0.211946 0.211960 0.576094
0.211948 0.211965 0.576087
0.213801 0.219112 0.567086
0.211942 0.211942 0.576117
0.211944 0.211952 0.576104
0.218930 0.240914 0.540155
0.211967 0.212036 0.575998
0.211958 0.212003 0.576040
0.211965 0.212029 0.576006
0.211943 0.211949 0.576108
0.211942 0.211942 0.576117
0.220981 0.563741 0.215278
0.211944 0.211951 0.576104
0.211942 0.211942 0.576117
0.212075 0.212443 0.575482
0.211993 0.212136 0.575871
0.211959 0.212009 0.576032
0.211945 0.211956 0.576099
0.211949 0.211970 0.576081
0.235189 0.547220 0.217592
0.212003 0.212171 0.575826
0.575581 0.212365 0.212054
0.211960 0.212011 0.576030
0.211942 0.211942 0.576117
0.211942 0.211942 0.576117
0.211948 0.211965 0.576087
0.211947 0.211961 0.576092
0.230782 0.218002 0.551216
0.211965 0.212030 0.576005
0.211949 0.211970 0.576080
0.211942 0.211944 0.576114
0.212562 0.214287 0.573152
0.570743 0.216198 0.213059
0.211943 0.211949 0.576108
0.212027 0.212263 0.575710
0.211962 0.212017 0.576021
0.211962 0.212017 0.576021
0.211961 0.212016 0.576022
0.211976 0.212070 0.575954
0.211994 0.212137 0.575869
0.211956 0.211996 0.576048
0.211987 0.212113 0.575899
0.211945 0.211954 0.576101
0.211945 0.211955 0.576100
0.212022 0.212243 0.575735
0.211972 0.212054 0.575974
0.213957 0.212475 0.573568
0.211956 0.211996 0.576049
0.212036 0.212296 0.575668
0.211974 0.212062 0.575964
0.212001 0.212165 0.575834
0.211942 0.211942 0.576117
0.212092 0.212506 0.575402
0.211994 0.212138 0.575869
0.211955 0.211994 0.576051
0.211942 0.211943 0.576115
0.211942 0.211942 0.576117
0.211947 0.211943 0.576110
0.212007 0.212188 0.575805
0.211978 0.212077 0.575946
0.211957 0.211998 0.576046
0.211942 0.211942 0.576117
0.211942 0.211942 0.576117
0.211942 0.211942 0.576117
0.211942 0.211942 0.576117
0.211942 0.211942 0.576117
0.211953 0.211986 0.576060
0.211943 0.211946 0.576111
0.211942 0.211942 0.576117
0.211948 0.211967 0.576085
0.211963 0.212022 0.576015
0.225071 0.275978 0.498951
0.211942 0.211942 0.576117
0.211942 0.211942 0.576117
0.211945 0.211953 0.576102
0.211945 0.211954 0.576101
0.211952 0.211982 0.576065
0.211997 0.212149 0.575855
0.211973 0.212061 0.575966
0.212053 0.212358 0.575589
0.211942 0.211942 0.576117
0.211942 0.211942 0.576117
0.211942 0.211942 0.576117
0.211956 0.211995 0.576049
0.211954 0.211988 0.576058
0.211952 0.211980 0.576068
0.211975 0.212067 0.575958
0.211986 0.212109 0.575905
0.211947 0.211961 0.576093
0.211971 0.212051 0.575979
0.211961 0.212015 0.576023
0.211942 0.211942 0.576116
0.211950 0.211975 0.576075
0.211942 0.211942 0.576117
0.211952 0.211981 0.576067
0.211971 0.212052 0.575977
0.212031 0.212277 0.575693
0.212413 0.213720 0.573867
0.211942 0.211942 0.576117
0.211942 0.211942 0.576117
0.211942 0.211942 0.576117
0.211944 0.211952 0.576104
0.211950 0.211973 0.576077
0.211969 0.212045 0.575986
0.212200 0.212912 0.574888
0.211985 0.212105 0.575909
0.211956 0.211997 0.576047
0.211949 0.211969 0.576082
0.211960 0.212009 0.576032
0.211974 0.212064 0.575962
0.211946 0.211957 0.576097
0.211942 0.211942 0.576117
0.211955 0.211992 0.576053
0.212072 0.212431 0.575497
0.211943 0.211947 0.576110
0.211992 0.212130 0.575878
0.211975 0.212066 0.575960
0.211943 0.211948 0.576109
0.212017 0.212225 0.575757
0.212000 0.212160 0.575841
0.211986 0.212110 0.575904
0.212178 0.212830 0.574992
0.211942 0.211943 0.576115
0.211942 0.211942 0.576116
0.211942 0.211944 0.576114
0.211943 0.211946 0.576112
0.211942 0.211942 0.576117
0.211951 0.211976 0.576073
0.566556 0.219536 0.213908
0.211998 0.212155 0.575847
0.211942 0.211942 0.576117
0.211942 0.211942 0.576117
0.211946 0.211957 0.576098
0.212072 0.212429 0.575499
0.211942 0.211942 0.576117
0.211942 0.211943 0.576115
0.212060 0.212386 0.575554
0.211942 0.211942 0.576117
0.211943 0.211949 0.576108
0.573072 0.214350 0.212578
0.212017 0.212225 0.575758
0.211955 0.211993 0.576051
0.212014 0.212215 0.575771
0.211952 0.211980 0.576069
0.211944 0.211949 0.576107
0.211947 0.211961 0.576092
0.211943 0.211948 0.576109
0.212063 0.575541 0.212396
0.212089 0.212496 0.575415
0.212045 0.212330 0.575625
0.228838 0.306056 0.465105
0.211956 0.211995 0.576050
0.212002 0.212166 0.575832
0.211944 0.211950 0.576106
0.240123 0.221212 0.538664
0.211942 0.211942 0.576117
0.211942 0.211945 0.576113
0.212029 0.212269 0.575703
0.211958 0.212004 0.576038
0.211942 0.211943 0.576115
0.211942 0.211942 0.576117
0.211949 0.211968 0.576084
0.212140 0.212689 0.575171
0.212018 0.212226 0.575756
0.211942 0.211942 0.576117
0.211942 0.211942 0.576117
0.212061 0.212388 0.575551
0.211948 0.211964 0.576088
0.211949 0.211971 0.576080
0.211942 0.211942 0.576117
0.211942 0.211942 0.576117
0.211943 0.211947 0.576110
0.211956 0.211997 0.576046
0.211949 0.211971 0.576080
0.211943 0.211947 0.576111
0.212109 0.212570 0.575321
0.211942 0.211942 0.576116
0.212072 0.212432 0.575496
0.218120 0.237616 0.544264
0.211943 0.211946 0.576111
0.211947 0.211961 0.576092
0.211984 0.212102 0.575914
0.211965 0.212030 0.576005
0.211942 0.211943 0.576114
0.211944 0.211952 0.576103
0.211942 0.211942 0.576117
0.211943 0.211946 0.576111
0.473344 0.231895 0.294761
0.212604 0.214064 0.573332
0.211970 0.575980 0.212050
0.211944 0.211950 0.576106
0.211947 0.211960 0.576093
0.211964 0.212024 0.576013
0.211942 0.211942 0.576117
0.211994 0.212140 0.575866
0.211980 0.212084 0.575936
0.211980 0.212087 0.575932
0.211942 0.211942 0.576117
0.211942 0.211942 0.576117
0.211967 0.212035 0.575998
0.211968 0.212039 0.575993
0.211942 0.211942 0.576117
0.211942 0.211942 0.576117
0.211942 0.211942 0.576116
0.211942 0.211942 0.576117
0.211993 0.212134 0.575873
0.211948 0.211967 0.576085
0.211969 0.212043 0.575988
0.211942 0.211942 0.576116
0.211946 0.211958 0.576096
0.211942 0.211942 0.576117
0.211942 0.211943 0.576116
0.212322 0.213374 0.574304
0.212004 0.576035 0.211961
0.211945 0.211955 0.576099
0.212115 0.212592 0.575293
0.212432 0.213792 0.573776
0.211998 0.212153 0.575849
0.211944 0.211951 0.576104
0.211973 0.212060 0.575967
0.211958 0.212003 0.576039
0.211982 0.212094 0.575924
0.211983 0.212097 0.575919
0.211942 0.211942 0.576116
0.211942 0.211942 0.576117
0.211942 0.211942 0.576117
0.211966 0.212033 0.576001
0.211942 0.211942 0.576117
0.211942 0.211942 0.576117
0.211976 0.212072 0.575952
0.211942 0.211942 0.576117
0.211985 0.212106 0.575909
0.505399 0.225651 0.268951
0.211954 0.211987 0.576059
0.211957 0.211999 0.576044
0.211942 0.211942 0.576117
0.212010 0.212199 0.575790
0.232577 0.369358 0.398065
0.211944 0.211949 0.576107
0.211948 0.211967 0.576085
0.211942 0.211942 0.576117
0.211943 0.211948 0.576109
0.212314 0.213299 0.574386
0.211942 0.211942 0.576117
0.211943 0.211945 0.576112
0.211945 0.211955 0.576100
0.211968 0.212040 0.575992
0.211955 0.211992 0.576054
0.211955 0.211992 0.576053
0.212887 0.215534 0.571579
0.213604 0.218329 0.568067
0.211942 0.211942 0.576116
0.212342 0.213452 0.574205
0.211956 0.211997 0.576047
0.211942 0.211942 0.576117
0.211942 0.211942 0.576117
0.229630 0.224429 0.545941
0.212577 0.212226 0.575197
0.211942 0.211943 0.576116
0.211942 0.211942 0.576117
0.211944 0.211950 0.576106
0.211965 0.212028 0.576007
0.211942 0.211942 0.576117
0.211942 0.211942 0.576117
0.212809 0.215234 0.571957
0.212227 0.213016 0.574757
0.211955 0.211993 0.576051
0.211947 0.211962 0.576091
0.211942 0.211942 0.576117
0.212606 0.214456 0.572938
0.211942 0.211942 0.576117
0.211942 0.211942 0.576117
0.523955 0.231446 0.244599
0.211942 0.211943 0.576115
0.221496 0.254505 0.523998
0.218652 0.240114 0.541234
0.214952 0.223769 0.561278
0.211942 0.211942 0.576117
0.211945 0.211954 0.576102
0.211976 0.212070 0.575954
0.280814 0.240580 0.478606
0.211942 0.211942 0.576117
0.211950 0.211971 0.576079
0.576117 0.211942 0.211942
0.211969 0.212043 0.575988
0.211956 0.211997 0.576047
0.214938 0.223250 0.561812
0.212134 0.212666 0.575200
0.212339 0.213439 0.574222
0.211942 0.211942 0.576117
0.211963 0.212021 0.576017
0.211955 0.211992 0.576053
0.211942 0.211942 0.576117
0.212217 0.212978 0.574805
0.211956 0.211995 0.576049
0.211942 0.211944 0.576113
0.211942 0.211942 0.576117
0.211942 0.211944 0.576114
0.211965 0.212030 0.576005
0.211947 0.211963 0.576090
0.211984 0.212099 0.575917
0.211946 0.211960 0.576094
0.211942 0.211942 0.576117
0.211947 0.211962 0.576091
0.211952 0.211980 0.576068
0.211942 0.211942 0.576117
0.211942 0.211942 0.576117
0.211942 0.211942 0.576117
0.213707 0.218737 0.567556
0.212028 0.212265 0.575707
0.212000 0.212162 0.575838
0.211942 0.211942 0.576117
0.211948 0.211965 0.576087
0.211949 0.211969 0.576082
0.211942 0.211942 0.576117
0.211942 0.211942 0.576117
0.211942 0.211942 0.576117
0.211942 0.211942 0.576117
0.211942 0.211942 0.576117
0.211942 0.211942 0.576117
0.211952 0.211981 0.576067
0.211946 0.211958 0.576097
0.211942 0.211942 0.576117
0.211942 0.211942 0.576117
0.211942 0.211942 0.576117
0.211949 0.211969 0.576082
0.211950 0.211975 0.576075
0.212157 0.212753 0.575090
0.211975 0.212064 0.575961
0.211944 0.211950 0.576106
0.211942 0.211942 0.576117
0.211986 0.212108 0.575906
0.211993 0.212133 0.575874
0.211942 0.211942 0.576117
0.211942 0.211942 0.576117
0.212004 0.212175 0.575822
0.211966 0.212032 0.576002
0.213782 0.573771 0.212447
0.211942 0.211942 0.576116
0.211949 0.211969 0.576082
0.211942 0.211942 0.576117
0.211942 0.211942 0.576117
0.211942 0.211942 0.576117
0.211963 0.212022 0.576015
0.211942 0.211944 0.576114
0.211992 0.212132 0.575876
0.211948 0.211967 0.576085
0.211982 0.212094 0.575924
0.211942 0.211942 0.576117
0.212092 0.212506 0.575402
0.211942 0.211942 0.576117
0.211954 0.211987 0.576059
0.211948 0.211964 0.576088
0.211942 0.211942 0.576117
0.575962 0.212064 0.211974
0.211942 0.211942 0.576117
0.211966 0.212035 0.575999
0.211942 0.211942 0.576117
0.212194 0.212891 0.574915
0.211968 0.212041 0.575991
0.212070 0.212413 0.575517
0.576113 0.211944 0.211943
0.575130 0.212721 0.212149
0.211942 0.211942 0.576117
0.213113 0.212253 0.574634
0.211942 0.211942 0.576117
0.211968 0.212041 0.575991
0.211942 0.211942 0.576117
0.211951 0.211978 0.576070
0.211958 0.212003 0.576039
0.211942 0.211942 0.576117
0.212026 0.212257 0.575717
0.211951 0.211976 0.576073
0.211942 0.211943 0.576115
0.212108 0.212565 0.575327
0.212612 0.214479 0.572909
0.212050 0.212347 0.575603
0.211957 0.212000 0.576043
0.211992 0.212131 0.575877
0.211968 0.212042 0.575990
0.211972 0.212055 0.575973
0.211955 0.211992 0.576053
0.232177 0.414355 0.353468
0.211965 0.212029 0.576006
0.211942 0.211942 0.576117
0.211949 0.211971 0.576080
0.211970 0.212046 0.575984
0.211966 0.212032 0.576002
0.211954 0.576059 0.211987
0.211998 0.212155 0.575847
0.211942 0.211942 0.576116
0.211943 0.211948 0.576108
0.211944 0.211951 0.576106
0.211954 0.211987 0.576059
0.272966 0.293464 0.433570
0.211943 0.211949 0.576108
0.212316 0.213353 0.574330
0.211944 0.211952 0.576104
0.211942 0.211942 0.576117
0.217596 0.213417 0.568987
0.211942 0.211942 0.576117
0.211964 0.212024 0.576013
0.211942 0.211942 0.576117
0.211956 0.211996 0.576048
0.211942 0.211942 0.576117
0.211949 0.211970 0.576080
0.211946 0.211958 0.576095
0.211942 0.211942 0.576117
0.211942 0.211942 0.576117
0.211942 0.211942 0.576117
0.211942 0.211942 0.576117
0.574533 0.213193 0.212274
0.211958 0.212002 0.576040
0.211942 0.211942 0.576117
0.211949 0.211971 0.576080
0.211942 0.211942 0.576117
0.211947 0.211961 0.576093
0.211942 0.211942 0.576117
0.211942 0.211942 0.576117
0.211942 0.211942 0.576117
0.211942 0.211942 0.576117
0.230744 0.441276 0.327980
0.211942 0.211942 0.576117
0.211953 0.211983 0.576064
0.211943 0.211948 0.576109
0.211953 0.211984 0.576064
0.211977 0.212074 0.575949
0.575913 0.212103 0.211985
0.211943 0.211948 0.576109
0.211942 0.211942 0.576117
0.211974 0.212064 0.575962
0.211951 0.211977 0.576072
0.211944 0.211949 0.576107
0.211952 0.211980 0.576068
0.211959 0.212007 0.576034
0.211952 0.211980 0.576068
0.211966 0.212033 0.576001
0.233129 0.361481 0.405390
0.211972 0.212056 0.575971
0.211971 0.212051 0.575978
0.211971 0.212053 0.575975
0.211942 0.211942 0.576117
0.211949 0.211971 0.576080
0.212572 0.214325 0.573103
0.211942 0.211942 0.576117
0.211942 0.211942 0.576117
0.211960 0.212010 0.576030
0.211942 0.211942 0.576117
0.211942 0.211942 0.576117
0.211942 0.211942 0.576117
0.570424 0.213518 0.216058
0.211991 0.212125 0.575883
0.211942 0.211942 0.576117
0.211942 0.211942 0.576117
0.212210 0.212950 0.574841
0.212007 0.212188 0.575804
0.211948 0.211964 0.576088
0.211962 0.212017 0.576021
0.216547 0.230534 0.552919
0.211942 0.211942 0.576116
0.211942 0.211942 0.576117
0.211952 0.211982 0.576066
0.212085 0.212479 0.575437
0.211946 0.211958 0.576097
0.211965 0.212030 0.576005
0.211950 0.211972 0.576078
0.211984 0.212100 0.575917
0.211942 0.211942 0.576117
0.211942 0.211942 0.576117
0.211943 0.211948 0.576108
0.211943 0.211947 0.576111
0.211948 0.211968 0.576084
0.211990 0.212123 0.575888
0.211968 0.212039 0.575993
0.211948 0.211966 0.576086
0.211961 0.212016 0.576022
0.211943 0.211946 0.576111
0.211944 0.211950 0.576106
0.211984 0.212102 0.575914
0.211995 0.212143 0.575862
0.211959 0.212007 0.576034
0.211942 0.211942 0.576117
0.211942 0.211942 0.576117
0.211956 0.211996 0.576048
0.211942 0.211942 0.576117
0.211948 0.211967 0.576085
0.211961 0.212015 0.576024
0.211990 0.212122 0.575889
0.211951 0.211975 0.576074
0.211959 0.212007 0.576034
0.211981 0.212091 0.575928
0.211983 0.212098 0.575918
0.211958 0.212004 0.576038
0.232419 0.361354 0.406227
0.211942 0.211943 0.576115
0.211942 0.211942 0.576117
0.211942 0.211942 0.576117
0.211942 0.211942 0.576117
0.211942 0.211942 0.576117
0.211944 0.211953 0.576103
0.211942 0.211942 0.576117
0.211945 0.211956 0.576099
0.211942 0.211942 0.576117
0.211956 0.211996 0.576048
0.211951 0.211978 0.576071
0.213113 0.216408 0.570480
0.211990 0.212122 0.575888
0.212448 0.213852 0.573700
0.211952 0.211981 0.576067
0.211942 0.211944 0.576114
0.212713 0.214866 0.572421
0.211942 0.211942 0.576116
0.211942 0.211942 0.576117
0.211953 0.211984 0.576063
0.211968 0.212042 0.575990
0.212047 0.212334 0.575619
0.211942 0.211942 0.576116
0.211952 0.211981 0.576067
0.575930 0.212089 0.211981
0.211956 0.211995 0.576050
0.211946 0.211957 0.576097
0.211953 0.211985 0.576062
0.211946 0.211959 0.576095
0.211949 0.211970 0.576081
0.211962 0.212018 0.576020
0.211980 0.212085 0.575936
0.211942 0.211942 0.576116
0.211993 0.212135 0.575872
0.211971 0.212050 0.575979
0.211942 0.211942 0.576117
0.528220 0.250951 0.220828
0.211942 0.211942 0.576117
0.211947 0.211962 0.576091
0.211949 0.211971 0.576079
0.211942 0.211943 0.576116
0.211986 0.212107 0.575907
0.211944 0.211952 0.576104
0.211960 0.212011 0.576029
0.568369 0.218088 0.213543
0.211942 0.211942 0.576116
0.211942 0.211942 0.576117
0.211948 0.211943 0.576109
0.211983 0.212097 0.575920
0.211988 0.212117 0.575894
0.211947 0.211963 0.576089
0.211987 0.211954 0.576059
0.211946 0.211959 0.576095
0.211943 0.211946 0.576111
0.211955 0.211990 0.576055
0.212011 0.212202 0.575787
0.212268 0.213170 0.574562
0.211945 0.211954 0.576101
0.211942 0.211942 0.576117
0.211942 0.211942 0.576117
0.213420 0.217607 0.568973
0.211942 0.211942 0.576117
0.211942 0.211942 0.576117
0.211942 0.211943 0.576115
0.211989 0.212121 0.575890
0.211942 0.211942 0.576117
0.212121 0.212614 0.575265
0.212004 0.212177 0.575818
0.211942 0.211943 0.576115
0.231996 0.350044 0.417959
0.211974 0.212062 0.575964
0.249105 0.480140 0.270755
0.211942 0.211942 0.576117
0.212023 0.212247 0.575730
0.211942 0.211942 0.576117
0.211943 0.211945 0.576112
0.211947 0.211964 0.576089
0.211949 0.211970 0.576081
0.213570 0.218198 0.568232
0.225724 0.280479 0.493797
0.211961 0.212013 0.576027
0.211942 0.211942 0.576117
0.211942 0.211942 0.576117
0.211942 0.211942 0.576117
0.211971 0.212054 0.575975
0.211973 0.212059 0.575968
0.212038 0.212304 0.575658
0.211963 0.212024 0.576013
0.211942 0.211942 0.576117
0.211942 0.211942 0.576117
0.211995 0.212142 0.575862
0.211942 0.211942 0.576117
0.211942 0.211942 0.576117
0.212021 0.212241 0.575738
0.211982 0.212092 0.575926
0.211970 0.212041 0.575989
0.212135 0.212667 0.575198
0.211942 0.211942 0.576117
0.211942 0.211942 0.576117
0.211942 0.211942 0.576117
0.211942 0.211942 0.576117
0.211942 0.211944 0.576114
0.211976 0.212070 0.575954
0.211942 0.211942 0.576116
0.211958 0.212004 0.576038
0.211951 0.211976 0.576073
0.211942 0.211942 0.576117
0.211971 0.212053 0.575976
0.211965 0.212029 0.576006
0.211942 0.211942 0.576117
0.211942 0.211942 0.576117
0.211952 0.211981 0.576067
0.211942 0.211942 0.576117
0.212389 0.213629 0.573981
0.214461 0.221759 0.563780
0.211949 0.211969 0.576082
0.211942 0.211942 0.576117
0.211968 0.212039 0.575993
0.211946 0.211959 0.576094
0.211946 0.211943 0.576111
0.211942 0.211942 0.576117
0.211942 0.211942 0.576117
0.211945 0.211953 0.576103
0.211942 0.211942 0.576117
0.211944 0.211951 0.576105
0.211951 0.211976 0.576074
0.211945 0.211954 0.576101
0.211974 0.212065 0.575961
0.213096 0.216343 0.570561
0.211942 0.211942 0.576117
0.211942 0.211942 0.576117
0.211947 0.211962 0.576091
0.228645 0.304197 0.467157
0.211950 0.211974 0.576075
0.211971 0.212050 0.575979
0.211965 0.212031 0.576003
0.212020 0.212235 0.575745
0.211994 0.212137 0.575869
0.211949 0.211970 0.576081
0.211942 0.211942 0.576117
0.212028 0.212266 0.575706
0.216804 0.569981 0.213215
0.211944 0.211951 0.576105
0.211942 0.211942 0.576117
0.211970 0.212047 0.575983
0.211969 0.212045 0.575986
0.211972 0.212055 0.575973
0.211942 0.211942 0.576117
0.211944 0.211949 0.576107
0.212368 0.213548 0.574085
0.213014 0.216025 0.570961
0.223567 0.215159 0.561274
0.211942 0.211942 0.576117
0.211942 0.211943 0.576115
0.211942 0.211942 0.576116
0.211989 0.212118 0.575893
0.211988 0.212115 0.575898
0.211956 0.211994 0.576050
0.213879 0.219420 0.566701
0.212179 0.575232 0.212589
0.211989 0.212119 0.575893
0.212018 0.212228 0.575753
0.211944 0.211949 0.576107
0.211942 0.211943 0.576115
0.211988 0.212115 0.575897
0.212005 0.212178 0.575817
0.211942 0.211942 0.576117
0.211942 0.211942 0.576117
0.211942 0.211942 0.576117
0.211945 0.211953 0.576102
0.212048 0.212301 0.575651
0.211942 0.211942 0.576117
0.211942 0.211942 0.576117
0.211948 0.211967 0.576085
0.211944 0.211952 0.576104
0.211945 0.211954 0.576101
0.211942 0.211942 0.576117
0.211994 0.212137 0.575869
0.211958 0.212003 0.576039
0.212058 0.212380 0.575562
0.211966 0.212032 0.576002
0.212054 0.212363 0.575584
0.211942 0.211942 0.576117
0.211942 0.211942 0.576117
0.211942 0.211944 0.576114
0.211961 0.212015 0.576024
0.211942 0.211942 0.576117
0.212250 0.213102 0.574647
0.576094 0.211960 0.211946
0.211942 0.211942 0.576117
0.215606 0.226497 0.557897
0.211948 0.211966 0.576086
0.211986 0.212108 0.575906
0.211953 0.211984 0.576063
0.212364 0.213535 0.574100
0.211947 0.211961 0.576092
0.211955 0.211993 0.576052
0.211942 0.211942 0.576117
0.211947 0.211963 0.576090
0.211945 0.211954 0.576101
0.537915 0.242861 0.219224
0.211944 0.211949 0.576108
0.211975 0.212068 0.575956
0.211945 0.211956 0.576099
0.230732 0.441467 0.327801
0.211962 0.212017 0.576022
0.211946 0.211957 0.576098
0.211942 0.211942 0.576117
0.211942 0.211942 0.576117
0.211963 0.212021 0.576016
0.212221 0.212991 0.574788
0.211942 0.211942 0.576117
0.212043 0.212324 0.575633
0.211949 0.211971 0.576080
0.211963 0.212022 0.576016
0.211949 0.211968 0.576083
0.211945 0.211956 0.576099
0.211958 0.212003 0.576038
0.211946 0.211957 0.576097
0.211958 0.212002 0.576041
0.211945 0.211956 0.576099
0.211959 0.212008 0.576033
0.211954 0.211987 0.576060
0.211943 0.211945 0.576112
0.211942 0.211942 0.576117
0.212184 0.212855 0.574961
0.211959 0.212005 0.576036
0.211954 0.211988 0.576058
0.212106 0.212561 0.575333
0.211943 0.211948 0.576109
0.211942 0.211942 0.576117
0.211942 0.211942 0.576117
0.211969 0.212046 0.575985
0.211948 0.211965 0.576087
0.211942 0.211944 0.576114
0.211996 0.212146 0.575858
0.211948 0.211965 0.576087
0.211942 0.211942 0.576117
0.211942 0.211942 0.576117
0.211942 0.211942 0.576117
0.211942 0.211942 0.576117
0.211943 0.211945 0.576112
0.211954 0.211989 0.576056
0.211942 0.211942 0.576117
0.212013 0.212200 0.575787
0.212160 0.212761 0.575079
0.211961 0.212015 0.576024
0.211942 0.211942 0.576116
0.211955 0.211991 0.576054
0.211948 0.211965 0.576088
0.212100 0.212534 0.575366
0.211942 0.211943 0.576115
0.212084 0.212476 0.575440
0.211942 0.211942 0.576117
0.211963 0.212020 0.576017
0.560873 0.224096 0.215031
0.211942 0.211942 0.576117
0.211942 0.211942 0.576117
0.211942 0.211942 0.576117
0.211954 0.211988 0.576058
0.211962 0.212020 0.576018
0.211962 0.212017 0.576021
0.212086 0.212482 0.575432
0.211965 0.212029 0.576006
0.212031 0.212278 0.575690
0.211965 0.212028 0.576007
0.212012 0.212205 0.575784
0.211943 0.211946 0.576111
0.212093 0.212503 0.575404
0.211942 0.211942 0.576117
0.211969 0.212046 0.575985
0.211943 0.211948 0.576109
0.212008 0.212189 0.575803
0.211952 0.211981 0.576067
0.211942 0.211944 0.576113
0.211982 0.212094 0.575924
0.212126 0.211991 0.575883
0.212017 0.212225 0.575758
0.211942 0.211942 0.576117
0.212136 0.212672 0.575192
0.212011 0.212202 0.575787
0.211959 0.212007 0.576034
0.211943 0.211949 0.576108
0.212408 0.213701 0.573891
0.211942 0.211944 0.576114
0.211981 0.212090 0.575929
0.214052 0.212500 0.573447
0.212060 0.212385 0.575555
0.211944 0.211947 0.576109
0.211942 0.211942 0.576117
0.211942 0.211942 0.576117
0.227589 0.293638 0.478772
0.211942 0.211943 0.576115
0.212006 0.212183 0.575811
0.212169 0.212795 0.575036
0.211949 0.211968 0.576083
0.212045 0.212331 0.575623
0.211978 0.212077 0.575945
0.211990 0.212121 0.575889
0.211972 0.212056 0.575972
0.211943 0.211948 0.576109
0.211949 0.211969 0.576082
0.211973 0.211950 0.576078
0.211942 0.211942 0.576117
0.212044 0.575933 0.212022
0.211942 0.211942 0.576117
0.212040 0.212312 0.575648
0.211949 0.211969 0.576082
0.211947 0.211963 0.576090
0.211942 0.211942 0.576117
0.211978 0.212079 0.575942
0.211945 0.211955 0.576100
0.211947 0.211961 0.576092
0.212465 0.212081 0.575453
0.211980 0.212084 0.575936
0.212046 0.212332 0.575622
0.211942 0.211942 0.576116
0.211945 0.211954 0.576101
0.211996 0.212146 0.575858
0.211967 0.212038 0.575995
0.211942 0.211942 0.576117
0.211942 0.211942 0.576117
0.211942 0.211945 0.576113
0.211944 0.211951 0.576105
0.212150 0.212723 0.575127
0.211956 0.211994 0.576051
0.211942 0.211942 0.576117
0.265389 0.464675 0.269935
0.211958 0.212002 0.576041
0.211945 0.211955 0.576100
0.211990 0.212124 0.575886
0.212260 0.213139 0.574601
0.211942 0.211943 0.576116
0.211942 0.211942 0.576117
0.211986 0.212108 0.575906
0.211965 0.212030 0.576005
0.211943 0.211947 0.576110
0.211949 0.211968 0.576083
0.211947 0.211961 0.576093
0.212232 0.213035 0.574733
0.213761 0.212424 0.573815
0.211942 0.211942 0.576117
0.211942 0.211942 0.576116
0.211951 0.211976 0.576073
0.211942 0.211942 0.576117
0.211942 0.211942 0.576117
0.212174 0.212815 0.575011
0.211979 0.212080 0.575941
0.211942 0.211942 0.576117
0.211942 0.211944 0.576114
0.211972 0.212054 0.575975
0.211961 0.212015 0.576024
0.211958 0.212002 0.576041
0.211956 0.211997 0.576046
0.211945 0.211955 0.576100
0.212017 0.212222 0.575761
0.211942 0.211942 0.576117
0.211942 0.211942 0.576117
0.211961 0.212016 0.576022
0.211955 0.211991 0.576054
0.211980 0.212085 0.575935
0.211963 0.212021 0.576016
0.211996 0.212145 0.575859
0.223203 0.512618 0.264179
0.211942 0.211942 0.576117
0.211942 0.211942 0.576117
0.211947 0.211961 0.576093
0.211942 0.211942 0.576117
0.211969 0.212044 0.575986
0.449104 0.320671 0.230225
0.211942 0.211942 0.576117
0.211943 0.211946 0.576111
0.212026 0.212259 0.575715
0.211971 0.212050 0.575979
0.211942 0.211942 0.576117
0.212607 0.214460 0.572933
0.211942 0.211942 0.576116
0.237592 0.538432 0.223975
0.211986 0.212107 0.575908
0.211965 0.212030 0.576005
0.211962 0.212020 0.576018
0.211946 0.211958 0.576096
0.211942 0.211942 0.576117
0.211942 0.211942 0.576117
0.217906 0.545587 0.236507
0.211942 0.211942 0.576116
0.211963 0.212021 0.576016
0.211945 0.211955 0.576100
0.212010 0.212197 0.575793
0.212003 0.212172 0.575825
0.211942 0.211942 0.576117
0.211947 0.211961 0.576092
0.211962 0.212020 0.576018
0.211981 0.212087 0.575932
0.211944 0.211952 0.576103
0.211942 0.211942 0.576116
0.255121 0.221610 0.523270
0.211942 0.211942 0.576117
0.498943 0.275975 0.225082
0.211942 0.211942 0.576117
0.211944 0.211951 0.576105
0.211942 0.211942 0.576117
0.211942 0.211942 0.576116
0.211942 0.211942 0.576117
0.211967 0.212038 0.575995
0.211942 0.211942 0.576117
0.212162 0.212768 0.575070
0.212293 0.213259 0.574448
0.211942 0.211942 0.576117
0.211961 0.212015 0.576024
0.211942 0.211942 0.576117
0.211958 0.212002 0.576041
0.211996 0.212147 0.575857
0.212117 0.212601 0.575282
0.211942 0.211942 0.576116
0.211942 0.211942 0.576117
0.211942 0.211942 0.576117
0.212047 0.212292 0.575662
0.211942 0.211942 0.576117
0.211942 0.211942 0.576117
0.211942 0.211943 0.576115
0.211968 0.212040 0.575992
0.211944 0.211950 0.576106
0.211942 0.211944 0.576114
0.211943 0.211948 0.576108
0.211972 0.212055 0.575973
0.211973 0.212058 0.575969
0.211942 0.211942 0.576117
0.212264 0.213157 0.574578
0.212309 0.213327 0.574363
0.211942 0.211942 0.576117
0.211942 0.211942 0.576117
0.211947 0.211960 0.576093
0.253958 0.231171 0.514871
0.211979 0.212081 0.575940
0.211955 0.211991 0.576054
0.211942 0.211944 0.576114
0.211946 0.211956 0.576098
0.211942 0.211942 0.576117
0.211942 0.211942 0.576117
0.211942 0.211942 0.576117
0.211960 0.212011 0.576029
0.211942 0.211942 0.576117
0.211942 0.211942 0.576117
0.211955 0.211991 0.576055
0.211967 0.212036 0.575997
0.467221 0.304132 0.228647
0.211944 0.211949 0.576107
0.211944 0.211949 0.576107
0.211942 0.211942 0.576117
0.212049 0.212345 0.575606
0.211954 0.211987 0.576060
0.211943 0.211949 0.576108
0.211990 0.212124 0.575886
0.211957 0.212001 0.576041
0.211970 0.212048 0.575982
0.211942 0.211942 0.576117
0.211942 0.211942 0.576117
0.211968 0.212042 0.575990
0.575951 0.212072 0.211976
0.211945 0.211956 0.576099
0.212019 0.212231 0.575751
0.212090 0.212496 0.575413
0.212455 0.213879 0.573666
0.212126 0.212634 0.575240
0.211943 0.211947 0.576109
0.211948 0.211966 0.576087
0.211943 0.211947 0.576110
0.211947 0.211962 0.576091
0.211942 0.211942 0.576117
0.211992 0.212132 0.575876
0.211977 0.212074 0.575949
0.211947 0.211964 0.576089
0.211942 0.211942 0.576117
0.211970 0.212046 0.575984
0.211942 0.211942 0.576116
0.211943 0.211949 0.576108
0.211943 0.211949 0.576108
0.211942 0.211943 0.576116
0.211942 0.211942 0.576117
0.212233 0.213036 0.574730
0.212001 0.212165 0.575834
0.212037 0.575978 0.211985
0.211956 0.211996 0.576048
0.211970 0.212047 0.575983
0.211948 0.211965 0.576087
0.211942 0.211942 0.576116
0.211950 0.211975 0.576075
0.211942 0.211942 0.576117
0.211966 0.212032 0.576002
0.212252 0.213111 0.574636
0.211947 0.211961 0.576092
0.211947 0.211961 0.576092
0.211949 0.211970 0.576081
0.211969 0.576082 0.211949
0.225144 0.215539 0.559317
0.211958 0.212005 0.576037
0.212435 0.213437 0.574128
0.211947 0.211960 0.576093
0.211955 0.211992 0.576053
0.211959 0.211946 0.576095
0.211943 0.211947 0.576110
0.216428 0.220716 0.562857
0.211942 0.211942 0.576117
0.212041 0.212316 0.575643
0.211950 0.211973 0.576077
0.211967 0.212032 0.576001
0.211944 0.211951 0.576105
0.211990 0.212123 0.575886
0.211963 0.212020 0.576017
0.211942 0.211942 0.576117
0.211942 0.211942 0.576117
0.211942 0.211942 0.576117
0.211942 0.211942 0.576117
0.211942 0.211942 0.576117
0.563672 0.214482 0.221845
0.211970 0.212049 0.575981
0.211942 0.211942 0.576117
0.211942 0.211942 0.576117
0.211942 0.211942 0.576117
0.211945 0.211954 0.576101
0.211942 0.211942 0.576117
0.211961 0.212014 0.576025
0.212008 0.212190 0.575802
0.211946 0.211957 0.576097
0.211949 0.211970 0.576081
0.212012 0.212204 0.575784
0.211950 0.211975 0.576074
0.212046 0.212332 0.575623
0.211942 0.211942 0.576117
0.211952 0.211980 0.576068
0.211942 0.211942 0.576117
0.211942 0.211942 0.576117
0.211942 0.211942 0.576117
0.211945 0.211955 0.576100
0.211950 0.211973 0.576078
0.211945 0.211956 0.576099
0.250868 0.241640 0.507492
0.211943 0.211947 0.576111
0.211954 0.211989 0.576057
0.211953 0.211985 0.576061
0.211997 0.212148 0.575856
0.216030 0.213015 0.570955
0.212026 0.212260 0.575713
0.573797 0.213773 0.212429
0.575991 0.212041 0.211968
0.211948 0.211967 0.576085
0.211942 0.211942 0.576117
0.211942 0.211942 0.576117
0.211942 0.211942 0.576117
0.211942 0.211942 0.576117
0.219902 0.246207 0.533891
0.211944 0.211952 0.576103
0.223301 0.262599 0.514100
0.213171 0.216632 0.570197
0.211987 0.212106 0.575907
0.211968 0.212041 0.575990
0.212281 0.213218 0.574502
0.212426 0.213763 0.573811
0.212464 0.213487 0.574049
0.218310 0.237317 0.544372
0.211942 0.211942 0.576117
0.211942 0.211942 0.576117
0.213232 0.216872 0.569896
0.211942 0.211942 0.576117
0.211942 0.211942 0.576117
0.211942 0.211942 0.576117
0.211942 0.211942 0.576117
0.211968 0.212042 0.575989
0.212631 0.214477 0.572892
0.212392 0.213641 0.573967
0.211954 0.211988 0.576059
0.211956 0.211995 0.576049
0.211980 0.212084 0.575937
0.211957 0.212000 0.576043
0.212003 0.212170 0.575827
0.211942 0.211942 0.576117
0.211946 0.211959 0.576095
0.211950 0.211973 0.576077
0.211942 0.211942 0.576117
0.211971 0.212052 0.575977
0.211942 0.211942 0.576116
0.211942 0.211942 0.576117
0.211980 0.212085 0.575935
0.211942 0.211942 0.576117
0.211944 0.211951 0.576105
0.211958 0.212003 0.576040
0.211942 0.211942 0.576117
0.211956 0.211997 0.576047
0.215894 0.227717 0.556389
0.211976 0.212070 0.575955
0.211951 0.211977 0.576072
0.212042 0.212317 0.575641
0.211942 0.211944 0.576114
0.211987 0.212112 0.575901
0.211942 0.211942 0.576117
0.211942 0.211942 0.576117
0.211942 0.211942 0.576117
0.212064 0.212402 0.575533
0.211942 0.211942 0.576117
0.212001 0.212166 0.575832
0.211978 0.211951 0.576071
0.575840 0.212160 0.212000
0.211942 0.211942 0.576117
0.212234 0.574780 0.212986
0.211942 0.211942 0.576117
0.211944 0.211950 0.576106
0.211946 0.211956 0.576098
0.211951 0.211977 0.576072
0.211961 0.212014 0.576025
0.211958 0.212004 0.576037
0.212300 0.213291 0.574409
0.211942 0.211942 0.576116
0.212596 0.214344 0.573059
0.211942 0.211942 0.576117
0.211942 0.211943 0.576115
0.211942 0.211942 0.576117
0.211944 0.211952 0.576103
0.211969 0.212046 0.575984
0.211950 0.211971 0.576079
0.211958 0.212003 0.576040
0.211944 0.211951 0.576105
0.211955 0.211990 0.576055
0.211945 0.211955 0.576099
0.212027 0.212260 0.575713
0.211945 0.211956 0.576099
0.212085 0.212480 0.575435
0.211948 0.211964 0.576088
0.211952 0.211980 0.576068
0.211949 0.211970 0.576081
0.212074 0.212438 0.575488
0.211954 0.211989 0.576057
0.211948 0.211967 0.576085
0.211942 0.211942 0.576117
0.211987 0.212111 0.575902
0.211978 0.212077 0.575945
0.211942 0.211943 0.576115
0.213576 0.218222 0.568202
0.211948 0.211965 0.576087
0.211949 0.211968 0.576083
0.211948 0.211966 0.576085
0.211965 0.212029 0.576007
0.211977 0.212073 0.575951
0.212261 0.213143 0.574597
0.212021 0.212240 0.575739
0.212263 0.213153 0.574584
0.211961 0.212015 0.576024
0.211947 0.211961 0.576093
0.211953 0.211984 0.576063
0.211942 0.211942 0.576117
0.211946 0.211960 0.576094
0.211942 0.211942 0.576117
0.211949 0.211969 0.576082
0.211943 0.211947 0.576110
0.211942 0.211942 0.576117
0.211948 0.211966 0.576086
0.211971 0.212051 0.575978
0.211942 0.211943 0.576115
0.211950 0.211972 0.576078
0.211943 0.211948 0.576109
0.211952 0.211982 0.576066
0.211964 0.212027 0.576008
0.211943 0.211948 0.576108
0.211968 0.212041 0.575991
0.211942 0.211942 0.576117
0.561420 0.223645 0.214935
0.211957 0.212000 0.576043
0.211955 0.211991 0.576055
0.213510 0.217961 0.568529
0.212424 0.213199 0.574378
0.211943 0.211947 0.576110
0.211989 0.212121 0.575890
0.212031 0.212278 0.575691
0.211967 0.212036 0.575997
0.211942 0.211942 0.576117
0.211993 0.212133 0.575874
0.211947 0.211963 0.576090
0.211993 0.212136 0.575871
0.211943 0.211948 0.576109
0.211945 0.211955 0.576100
0.211967 0.212037 0.575996
0.212357 0.213506 0.574138
0.212047 0.212336 0.575617
0.575829 0.212169 0.212002
0.211942 0.211945 0.576113
0.211959 0.212009 0.576032
0.211968 0.212042 0.575989
