0.231674 0.425226 0.343100
0.212403 0.213682 0.573915
0.211942 0.211942 0.576117
0.212750 0.215009 0.572240
0.211942 0.211944 0.576113
0.213711 0.218753 0.567536
0.212554 0.214256 0.573191
0.214054 0.219913 0.566033
0.212511 0.214091 0.573398
0.221151 0.252653 0.526196
0.573273 0.214190 0.212537
0.211942 0.211942 0.576117
0.213168 0.216621 0.570212
0.230311 0.447452 0.322238
0.212998 0.215962 0.571040
0.213009 0.216006 0.570985
0.211942 0.211942 0.576117
0.211942 0.211942 0.576117
0.211942 0.211942 0.576117
0.212539 0.214201 0.573259
0.213107 0.216384 0.570509
0.212719 0.214889 0.572392
0.220846 0.528110 0.251044
0.212070 0.212422 0.575508
0.211992 0.212132 0.575875
0.211949 0.211969 0.576082
0.222883 0.562381 0.214737
0.211943 0.576110 0.211947
0.227512 0.482630 0.289858
0.211942 0.211944 0.576114
0.211942 0.211942 0.576117
0.211989 0.211954 0.576057
0.211942 0.211942 0.576117
0.212902 0.215592 0.571506
0.213024 0.216063 0.570914
0.213615 0.218374 0.568011
0.211942 0.211942 0.576117
0.211942 0.211942 0.576117
0.214336 0.221255 0.564409
0.339753 0.418363 0.241884
0.212074 0.212440 0.575485
0.225521 0.279056 0.495423
0.212295 0.213272 0.574433
0.213136 0.216498 0.570366
0.212599 0.214430 0.572971
0.212648 0.214618 0.572734
0.213214 0.216799 0.569987
0.216745 0.231406 0.551849
0.213641 0.218479 0.567880
0.221840 0.241823 0.536337
0.212653 0.214421 0.572926
0.212225 0.213009 0.574766
0.213907 0.219531 0.566562
0.213492 0.217889 0.568620
0.277293 0.497442 0.225265
0.211942 0.211942 0.576117
0.213351 0.569312 0.217337
0.211942 0.211942 0.576117
0.211942 0.211942 0.576117
0.213739 0.218864 0.567397
0.211948 0.211966 0.576085
0.218108 0.237559 0.544333
0.211951 0.211976 0.576073
0.211942 0.211942 0.576117
0.213290 0.217100 0.569610
0.217259 0.233689 0.549052
0.212006 0.212185 0.575809
0.212038 0.212304 0.575658
0.212013 0.575779 0.212208
0.213627 0.573981 0.212392
0.229074 0.301975 0.468950
0.211942 0.211942 0.576117
0.211945 0.211952 0.576104
0.211945 0.211943 0.576112
0.211990 0.212113 0.575897
0.213082 0.216288 0.570631
0.211943 0.211947 0.576110
0.211942 0.211942 0.576117
0.211942 0.211942 0.576117
0.213076 0.216267 0.570657
0.211942 0.211942 0.576117
0.268494 0.223921 0.507585
0.216515 0.213140 0.570345
0.212199 0.212911 0.574890
0.213334 0.217270 0.569397
0.212715 0.214873 0.572413
0.212546 0.214225 0.573230
0.213080 0.216281 0.570640
0.219714 0.245271 0.535015
0.212990 0.215931 0.571079
0.570407 0.216466 0.213128
0.211942 0.211942 0.576116
0.211950 0.211973 0.576077
0.211942 0.211942 0.576117
0.211942 0.211942 0.576116
0.211942 0.211942 0.576117
0.211942 0.211942 0.576117
0.212601 0.212117 0.575282
0.487428 0.226622 0.285950
0.212369 0.213553 0.574077
0.211942 0.211942 0.576117
0.216852 0.230604 0.552544
0.211942 0.211942 0.576117
0.216757 0.231455 0.551788
0.212973 0.215868 0.571159
0.217056 0.232303 0.550641
0.212428 0.213777 0.573795
0.211942 0.576117 0.211942
0.214867 0.223129 0.562005
0.213774 0.219004 0.567221
0.223437 0.265583 0.510980
0.217155 0.230182 0.552663
0.212304 0.213305 0.574391
0.212053 0.212359 0.575588
0.212124 0.212627 0.575249
0.212984 0.215846 0.571170
0.225772 0.280822 0.493406
0.212328 0.213398 0.574274
0.225671 0.279944 0.494385
0.212786 0.215144 0.572071
0.214186 0.220650 0.565164
0.211942 0.211942 0.576117
0.212925 0.212203 0.574872
0.212208 0.212941 0.574852
0.213986 0.219846 0.566169
0.230083 0.450479 0.319439
0.212479 0.213972 0.573549
0.267423 0.242438 0.490139
0.212000 0.212162 0.575838
0.213124 0.216452 0.570424
0.212429 0.213780 0.573791
0.213089 0.216315 0.570597
0.221677 0.255489 0.522834
0.216085 0.228537 0.555378
0.211942 0.211942 0.576117
0.216383 0.553798 0.229819
0.576087 0.211965 0.211948
0.215119 0.224459 0.560422
0.215290 0.225172 0.559537
0.212676 0.214711 0.572613
0.212279 0.213212 0.574509
0.211942 0.211942 0.576117
0.212818 0.215267 0.571916
0.226730 0.485399 0.287871
0.213026 0.216071 0.570903
0.213135 0.216494 0.570371
0.224023 0.269118 0.506859
0.214074 0.565759 0.220167
0.224964 0.275266 0.499769
0.221035 0.249410 0.529556
0.213412 0.217572 0.569016
0.220274 0.247987 0.531739
0.213415 0.217587 0.568998
0.213645 0.218493 0.567862
0.211942 0.211942 0.576117
0.215346 0.225406 0.559248
0.215814 0.556920 0.227266
0.212214 0.212966 0.574820
0.212052 0.212358 0.575590
0.216125 0.228708 0.555167
0.211942 0.211942 0.576117
0.214094 0.220278 0.565628
0.211942 0.211942 0.576117
0.213410 0.217569 0.569021
0.213003 0.215984 0.571013
0.212063 0.212397 0.575540
0.232640 0.393365 0.373996
0.559040 0.225574 0.215386
0.217888 0.236544 0.545568
0.211942 0.211942 0.576117
0.213251 0.216526 0.570222
0.574204 0.213453 0.212343
0.214002 0.219913 0.566085
0.216533 0.230476 0.552990
0.211942 0.211942 0.576117
0.222592 0.260612 0.516797
0.575078 0.212762 0.212160
0.212031 0.212275 0.575694
0.212477 0.213962 0.573561
0.213956 0.219710 0.566335
0.213117 0.216426 0.570457
0.214016 0.219967 0.566018
0.212678 0.214733 0.572589
0.213960 0.219741 0.566299
0.214226 0.220809 0.564965
0.212521 0.214126 0.573352
0.212172 0.212809 0.575019
0.215446 0.225825 0.558728
0.211942 0.211942 0.576117
0.232609 0.371653 0.395738
0.218331 0.238598 0.543072
0.214573 0.222214 0.563213
0.238544 0.268820 0.492637
0.212171 0.212803 0.575026
0.215466 0.558625 0.225909
0.212245 0.213082 0.574674
0.226737 0.287937 0.485326
0.212887 0.215535 0.571578
0.211942 0.211942 0.576117
0.213021 0.216051 0.570929
0.212046 0.212064 0.575890
0.213550 0.218118 0.568332
0.212113 0.212033 0.575853
0.212848 0.215384 0.571768
0.212344 0.213457 0.574199
0.211968 0.212040 0.575993
0.212518 0.214121 0.573360
0.211945 0.211956 0.576099
0.211942 0.211942 0.576117
0.211942 0.211942 0.576117
0.211942 0.211942 0.576117
0.211942 0.211942 0.576117
0.216653 0.231002 0.552345
0.213417 0.217596 0.568987
0.211942 0.211942 0.576117
0.211942 0.211942 0.576117
0.212203 0.212926 0.574870
0.211942 0.211942 0.576117
0.211942 0.211942 0.576117
0.213992 0.219871 0.566138
0.212259 0.213136 0.574605
0.212721 0.214898 0.572381
0.214742 0.222904 0.562354
0.214050 0.220103 0.565847
0.211942 0.211942 0.576117
0.213408 0.217559 0.569032
0.211942 0.211942 0.576117
0.211942 0.211942 0.576117
0.213301 0.217143 0.569555
0.212030 0.212274 0.575696
0.212511 0.214095 0.573394
0.213667 0.218580 0.567753
0.212337 0.213431 0.574232
0.219405 0.238254 0.542342
0.234090 0.370719 0.395190
0.575736 0.212242 0.212022
0.212483 0.213985 0.573532
0.211981 0.212091 0.575927
0.223824 0.267948 0.508228
0.218203 0.238004 0.543793
0.216814 0.231706 0.551480
0.211942 0.211942 0.576117
0.217505 0.234795 0.547701
0.211942 0.211942 0.576117
0.217554 0.235010 0.547436
0.211942 0.211943 0.576115
0.211942 0.211942 0.576117
0.212259 0.213137 0.574604
0.220622 0.249791 0.529587
0.229939 0.317739 0.452322
0.212458 0.213892 0.573650
0.216363 0.229733 0.553904
0.227181 0.291442 0.481377
0.211942 0.211942 0.576117
0.211942 0.211942 0.576117
0.211942 0.211942 0.576117
0.211942 0.211942 0.576117
0.211942 0.211942 0.576117
0.214463 0.221768 0.563769
0.215738 0.227054 0.557208
0.218678 0.240235 0.541087
0.218873 0.241165 0.539962
0.215282 0.225134 0.559584
0.211942 0.211942 0.576117
0.238776 0.232264 0.528960
0.211942 0.211942 0.576117
0.219700 0.535100 0.245200
0.211998 0.212152 0.575851
0.217824 0.236251 0.545924
0.213578 0.218230 0.568192
0.212159 0.212761 0.575080
0.212893 0.215557 0.571550
0.212146 0.212711 0.575143
0.213367 0.217398 0.569235
0.212425 0.213767 0.573808
0.212635 0.214566 0.572799
0.212609 0.214468 0.572923
0.295151 0.227644 0.477205
0.213698 0.218700 0.567602
0.214514 0.221974 0.563512
0.212677 0.212541 0.574783
0.217280 0.233780 0.548941
0.438385 0.314329 0.247286
0.213256 0.216964 0.569780
0.212587 0.214383 0.573030
0.212190 0.212875 0.574935
0.217396 0.548303 0.234302
0.214698 0.222723 0.562579
0.212324 0.213383 0.574293
0.212306 0.213316 0.574378
0.211942 0.211942 0.576117
0.212272 0.213185 0.574543
0.211977 0.212075 0.575947
0.212345 0.213461 0.574194
0.211950 0.211974 0.576075
0.211942 0.211942 0.576117
0.212519 0.214123 0.573359
0.211942 0.211942 0.576117
0.211983 0.212096 0.575922
0.212643 0.214596 0.572761
0.218149 0.237752 0.544099
0.212478 0.213967 0.573555
0.212194 0.212890 0.574916
0.212885 0.215526 0.571589
0.576104 0.211944 0.211952
0.211942 0.211942 0.576117
0.211962 0.212018 0.576021
0.231876 0.347266 0.420858
0.211942 0.211942 0.576117
0.216688 0.231152 0.552160
0.212715 0.214874 0.572411
0.211942 0.211942 0.576117
0.211942 0.211942 0.576117
0.212169 0.212796 0.575036
0.211942 0.211942 0.576117
0.230897 0.438942 0.330160
0.212442 0.213832 0.573726
0.212778 0.215114 0.572108
0.212008 0.212191 0.575801
0.212344 0.213458 0.574198
0.217839 0.236293 0.545869
0.219628 0.244843 0.535529
0.212909 0.215620 0.571471
0.215469 0.225920 0.558611
0.212264 0.213157 0.574578
0.213470 0.217319 0.569211
0.215126 0.224490 0.560384
0.213623 0.218407 0.567969
0.211942 0.211942 0.576117
0.215708 0.226231 0.558061
0.212134 0.212665 0.575201
0.212609 0.214465 0.572925
0.211942 0.211942 0.576117
0.212317 0.213357 0.574326
0.211942 0.211942 0.576117
0.212449 0.213855 0.573696
0.215018 0.224040 0.560942
0.212082 0.212470 0.575448
0.213911 0.219549 0.566540
0.214812 0.223192 0.561996
0.228586 0.302110 0.469304
0.211965 0.212028 0.576008
0.497071 0.277617 0.225312
0.211942 0.211942 0.576117
0.211990 0.212124 0.575886
0.214054 0.220120 0.565825
0.212806 0.215223 0.571971
0.212294 0.213267 0.574439
0.229383 0.311581 0.459036
0.228846 0.306131 0.465022
0.215652 0.226692 0.557655
0.212467 0.213925 0.573609
0.222936 0.262606 0.514458
0.215111 0.224427 0.560462
0.215860 0.227575 0.556564
0.212603 0.214443 0.572954
0.213531 0.218045 0.568423
0.215281 0.225132 0.559588
0.215187 0.224743 0.560070
0.215203 0.224807 0.559990
0.216950 0.562962 0.220088
0.213310 0.217178 0.569512
0.212031 0.212278 0.575691
0.217933 0.236750 0.545317
0.211942 0.211942 0.576117
0.211942 0.211942 0.576117
0.217810 0.236188 0.546002
0.214046 0.220086 0.565868
0.213667 0.218579 0.567754
0.216243 0.229191 0.554567
0.213210 0.216785 0.570006
0.212071 0.212428 0.575501
0.213567 0.218185 0.568248
0.211942 0.211942 0.576117
0.212172 0.212808 0.575020
0.217850 0.236370 0.545780
0.523829 0.221523 0.254648
0.212467 0.213925 0.573608
0.232127 0.353298 0.414575
0.212451 0.213864 0.573686
0.212149 0.212723 0.575128
0.212700 0.214817 0.572483
0.211942 0.211942 0.576117
0.211942 0.576116 0.211942
0.214967 0.223830 0.561202
0.212254 0.213112 0.574634
0.211942 0.211942 0.576117
0.214104 0.220318 0.565578
0.214340 0.221268 0.564392
0.211944 0.211952 0.576103
0.231955 0.418967 0.349078
0.213144 0.216530 0.570326
0.213449 0.217719 0.568832
0.211942 0.211942 0.576117
0.211942 0.211942 0.576117
0.213268 0.217013 0.569719
0.215436 0.220530 0.564035
0.211942 0.211942 0.576117
0.213475 0.217823 0.568702
0.219710 0.245250 0.535039
0.212094 0.212514 0.575392
0.214357 0.221338 0.564305
0.220513 0.249312 0.530174
0.212178 0.212830 0.574992
0.214376 0.221415 0.564208
0.212690 0.214776 0.572534
0.212070 0.575951 0.211979
0.211942 0.211942 0.576117
0.211942 0.211942 0.576117
0.214172 0.220586 0.565242
0.212645 0.214607 0.572748
0.212047 0.212339 0.575614
0.215775 0.227212 0.557013
0.576005 0.212030 0.211965
0.216738 0.231375 0.551887
0.211942 0.211942 0.576117
0.229494 0.312759 0.457747
0.213657 0.218540 0.567803
0.228710 0.304691 0.466599
0.212224 0.213005 0.574771
0.211975 0.212068 0.575956
0.211942 0.211942 0.576117
0.216726 0.231318 0.551957
0.211942 0.211944 0.576113
0.211942 0.211942 0.576116
0.218260 0.544605 0.237135
0.220111 0.247254 0.532636
0.211942 0.211942 0.576117
0.213289 0.217095 0.569616
0.216468 0.230190 0.553342
0.212784 0.215139 0.572077
0.211942 0.211942 0.576116
0.212823 0.215287 0.571890
0.211942 0.211942 0.576117
0.212337 0.213434 0.574229
0.219023 0.241885 0.539092
0.217166 0.233253 0.549582
0.212019 0.212232 0.575749
0.221793 0.256122 0.522086
0.213473 0.217814 0.568713
0.211942 0.211942 0.576117
0.213299 0.217132 0.569569
0.211942 0.211942 0.576116
0.231794 0.345559 0.422646
0.222642 0.260902 0.516456
0.232695 0.385586 0.381719
0.212151 0.212729 0.575119
0.230200 0.320866 0.448934
0.219572 0.244564 0.535864
0.211942 0.211942 0.576117
0.213182 0.216678 0.570140
0.212120 0.212611 0.575269
0.212864 0.215447 0.571689
0.217802 0.236148 0.546050
0.218250 0.238219 0.543531
0.224580 0.272732 0.502688
0.212641 0.214591 0.572768
0.213836 0.219248 0.566916
0.211942 0.211942 0.576117
0.219490 0.244159 0.536352
0.220197 0.247694 0.532109
0.211942 0.211942 0.576117
0.219091 0.242217 0.538692
0.229639 0.314336 0.456025
0.212170 0.212800 0.575031
0.214490 0.221876 0.563634
0.233493 0.328130 0.438377
0.213009 0.216006 0.570985
0.211962 0.212016 0.576022
0.215839 0.227484 0.556677
0.213374 0.217428 0.569198
0.214055 0.220122 0.565823
0.212093 0.212509 0.575398
0.212524 0.214143 0.573333
0.211942 0.211942 0.576117
0.211942 0.211942 0.576117
0.211942 0.211942 0.576117
0.211942 0.211942 0.576117
0.211942 0.211942 0.576117
0.301953 0.228408 0.469640
0.211942 0.211942 0.576117
0.214161 0.220549 0.565290
0.212389 0.213628 0.573983
0.211942 0.211942 0.576117
0.212569 0.214316 0.573115
0.212980 0.215895 0.571125
0.213983 0.219837 0.566180
0.214095 0.220283 0.565623
0.212667 0.214689 0.572644
0.214113 0.219191 0.566697
0.211942 0.211942 0.576117
0.216441 0.227483 0.556076
0.211942 0.211942 0.576117
0.219871 0.246053 0.534076
0.212890 0.215544 0.571566
0.223162 0.512901 0.263937
0.214650 0.222525 0.562826
0.212949 0.215774 0.571277
0.215659 0.226647 0.557694
0.213330 0.217254 0.569416
0.212303 0.213303 0.574395
0.575629 0.212327 0.212044
0.231822 0.422106 0.346072
0.212079 0.212456 0.575465
0.214719 0.562473 0.222808
0.214042 0.220071 0.565886
0.211942 0.211942 0.576117
0.214257 0.220933 0.564811
0.213965 0.219762 0.566273
0.212004 0.212175 0.575821
0.211942 0.211942 0.576117
0.212085 0.212480 0.575435
0.214295 0.220964 0.564741
0.211942 0.211943 0.576115
0.211964 0.212024 0.576012
0.213179 0.216666 0.570154
0.215136 0.224528 0.560336
0.212293 0.213264 0.574444
0.211942 0.211942 0.576117
0.219026 0.240417 0.540558
0.211942 0.211942 0.576117
0.212045 0.212331 0.575623
0.211942 0.211942 0.576117
0.218702 0.240329 0.540969
0.214590 0.222266 0.563144
0.212651 0.214627 0.572722
0.217905 0.236623 0.545471
0.217183 0.233295 0.549522
0.213630 0.218432 0.567938
0.574651 0.213099 0.212249
0.211942 0.211942 0.576117
0.212411 0.213714 0.573875
0.213283 0.217070 0.569647
0.214203 0.220717 0.565080
0.211958 0.212005 0.576037
0.214226 0.220809 0.564965
0.227221 0.291767 0.481012
0.212546 0.214226 0.573228
0.216403 0.229911 0.553686
0.214436 0.221658 0.563905
0.211942 0.211942 0.576117
0.214602 0.222333 0.563065
0.211942 0.211942 0.576117
0.212306 0.213314 0.574380
0.214491 0.221881 0.563628
0.212679 0.214736 0.572584
0.213262 0.216988 0.569750
0.212356 0.213503 0.574141
0.225742 0.280609 0.493649
0.219044 0.241991 0.538965
0.231493 0.339749 0.428758
0.221058 0.252154 0.526788
0.213524 0.218017 0.568459
0.211945 0.211942 0.576112
0.213721 0.218792 0.567487
0.229849 0.492938 0.277213
0.213742 0.218877 0.567381
0.212189 0.212873 0.574938
0.212500 0.214050 0.573450
0.213482 0.217851 0.568667
0.215239 0.224947 0.559813
0.211947 0.211959 0.576094
0.212463 0.213912 0.573625
0.227627 0.295101 0.477272
0.211942 0.211942 0.576117
0.213691 0.218673 0.567637
0.212413 0.213722 0.573865
0.215171 0.224673 0.560157
0.214731 0.222861 0.562407
0.213131 0.216478 0.570392
0.212216 0.212974 0.574810
0.211942 0.211942 0.576117
0.567946 0.213628 0.218426
0.576033 0.212008 0.211960
0.211942 0.211942 0.576117
0.211942 0.211942 0.576117
0.211942 0.211942 0.576117
0.211942 0.211942 0.576117
0.211942 0.211942 0.576117
0.211942 0.211942 0.576117
0.236833 0.318666 0.444501
0.212117 0.212601 0.575281
0.213319 0.217211 0.569471
0.216103 0.228613 0.555284
0.212396 0.213656 0.573948
0.213891 0.219466 0.566643
0.211942 0.211942 0.576117
0.220470 0.249048 0.530482
0.217535 0.550786 0.231680
0.212008 0.212191 0.575801
0.212052 0.212356 0.575592
0.215547 0.226246 0.558207
0.213531 0.218043 0.568426
0.211942 0.211942 0.576117
0.211942 0.211942 0.576117
0.214195 0.220686 0.565119
0.218925 0.241399 0.539676
0.211942 0.211942 0.576117
0.216154 0.228832 0.555014
0.217792 0.236103 0.546106
0.212443 0.213836 0.573721
0.214026 0.220007 0.565967
0.213294 0.217114 0.569593
0.213576 0.218219 0.568206
0.227812 0.478458 0.293730
0.213444 0.217696 0.568860
0.215194 0.224768 0.560038
0.212115 0.212402 0.575483
0.216998 0.232521 0.550482
0.211942 0.211942 0.576117
0.211951 0.211975 0.576074
0.215351 0.225426 0.559223
0.214773 0.223020 0.562207
0.216110 0.228642 0.555248
0.212682 0.214745 0.572574
0.213130 0.216474 0.570397
0.216582 0.230690 0.552727
0.211942 0.211942 0.576117
0.214398 0.221503 0.564099
0.214299 0.221103 0.564599
0.212610 0.214472 0.572917
0.211942 0.211942 0.576117
0.212608 0.214465 0.572927
0.211942 0.576116 0.211942
0.231503 0.339924 0.428574
0.217485 0.234683 0.547832
0.214391 0.221451 0.564158
0.215933 0.227885 0.556182
0.572248 0.215003 0.212749
0.213239 0.216899 0.569862
0.211942 0.211942 0.576117
0.213246 0.216922 0.569832
0.212097 0.211983 0.575920
0.212308 0.213323 0.574369
0.213412 0.217577 0.569011
0.214929 0.223671 0.561400
0.212744 0.214984 0.572272
0.211944 0.211951 0.576105
0.212490 0.214015 0.573495
0.213512 0.217969 0.568519
0.212610 0.214470 0.572920
0.212916 0.215645 0.571440
0.213384 0.217464 0.569152
0.211942 0.211942 0.576117
0.211942 0.211942 0.576117
0.212951 0.215780 0.571270
0.211942 0.211942 0.576117
0.575900 0.212113 0.211987
0.211942 0.211943 0.576116
0.211942 0.211942 0.576117
0.211944 0.211942 0.576114
0.211942 0.211942 0.576117
0.211942 0.211942 0.576117
0.211942 0.211942 0.576117
0.215416 0.225697 0.558888
0.212487 0.214002 0.573511
0.211942 0.211942 0.576117
0.214249 0.220903 0.564847
0.218171 0.237853 0.543976
0.214912 0.223599 0.561489
0.226518 0.286218 0.487264
0.216763 0.231483 0.551754
0.219911 0.246254 0.533835
0.222231 0.258558 0.519210
0.211942 0.211942 0.576117
0.213207 0.216776 0.570016
0.215224 0.224896 0.559880
0.575502 0.212427 0.212071
0.211942 0.211942 0.576117
0.212880 0.215508 0.571612
0.212282 0.212799 0.574919
0.212569 0.214315 0.573115
0.229995 0.318402 0.451602
0.212772 0.215092 0.572136
0.211942 0.211942 0.576117
0.213034 0.570864 0.216102
0.219861 0.220534 0.559605
0.212507 0.214077 0.573416
0.259039 0.403557 0.337404
0.211943 0.211945 0.576112
0.211942 0.211942 0.576117
0.212323 0.213379 0.574298
0.212031 0.212278 0.575690
0.212137 0.212674 0.575189
0.212333 0.213412 0.574255
0.219023 0.241888 0.539089
0.212242 0.213071 0.574687
0.214452 0.221724 0.563823
0.213529 0.218034 0.568437
0.215367 0.225492 0.559141
0.212070 0.211976 0.575954
0.214091 0.220269 0.565640
0.211942 0.211942 0.576117
0.211942 0.211942 0.576117
0.213303 0.217149 0.569548
0.213909 0.219540 0.566551
0.211997 0.212148 0.575855
0.213248 0.216933 0.569819
0.228394 0.301808 0.469798
0.212691 0.214779 0.572530
0.231351 0.431384 0.337265
0.211942 0.211942 0.576117
0.211953 0.211985 0.576062
0.212181 0.212843 0.574975
0.217442 0.234511 0.548047
0.211942 0.211942 0.576117
0.211942 0.211942 0.576116
0.576107 0.211949 0.211944
0.235278 0.361329 0.403393
0.212479 0.213971 0.573550
0.211942 0.211942 0.576117
0.211942 0.211942 0.576117
0.212274 0.213192 0.574535
0.214474 0.221812 0.563714
0.213597 0.218302 0.568101
0.212167 0.212790 0.575043
0.211952 0.211982 0.576066
0.213134 0.216491 0.570375
0.213799 0.219104 0.567096
0.216830 0.231778 0.551393
0.213643 0.218443 0.567915
0.213177 0.216657 0.570166
0.211942 0.211942 0.576117
0.223306 0.264794 0.511901
0.214420 0.221591 0.563989
0.214080 0.220223 0.565698
0.212855 0.215410 0.571735
0.213661 0.218556 0.567783
0.217855 0.236394 0.545750
0.215320 0.225294 0.559386
0.211942 0.211942 0.576117
0.212029 0.212269 0.575702
0.214923 0.223650 0.561426
0.211942 0.211943 0.576115
0.232692 0.380688 0.386620
0.223885 0.268323 0.507792
0.212266 0.213163 0.574571
0.213125 0.216455 0.570421
0.213197 0.216736 0.570067
0.212594 0.214411 0.572994
0.211947 0.211962 0.576091
0.574587 0.213150 0.212263
0.211942 0.211942 0.576117
0.211942 0.211942 0.576116
0.211942 0.211942 0.576117
0.211942 0.211942 0.576117
0.216682 0.231124 0.552195
0.214467 0.221782 0.563752
0.218725 0.240460 0.540815
0.220328 0.244545 0.535126
0.211942 0.211942 0.576117
0.211942 0.211942 0.576117
0.212948 0.215769 0.571284
0.212574 0.214334 0.573092
0.218200 0.237990 0.543810
0.213639 0.218468 0.567893
0.211943 0.211945 0.576112
0.212131 0.212652 0.575217
0.212283 0.213228 0.574489
0.225608 0.279668 0.494724
0.217435 0.234263 0.548301
0.213195 0.216729 0.570075
0.214301 0.221112 0.564587
0.211942 0.211942 0.576117
0.212506 0.213816 0.573679
0.212407 0.213698 0.573894
0.211942 0.211942 0.576117
0.214307 0.221134 0.564559
0.217610 0.235272 0.547118
0.212331 0.213409 0.574260
0.212072 0.575952 0.211976
0.212171 0.212792 0.575038
0.211942 0.211942 0.576116
0.214567 0.222188 0.563245
0.212917 0.215649 0.571434
0.215829 0.227441 0.556730
0.212847 0.215379 0.571775
0.215130 0.212782 0.572088
0.212658 0.214654 0.572688
0.215543 0.226047 0.558410
0.212990 0.215931 0.571079
0.211957 0.211998 0.576045
0.214247 0.220893 0.564860
0.212470 0.213936 0.573594
0.213018 0.212708 0.574274
0.217609 0.235267 0.547124
0.212730 0.214932 0.572338
0.211942 0.211942 0.576117
0.211942 0.211943 0.576116
0.214934 0.223688 0.561378
0.220722 0.250394 0.528884
0.212205 0.212931 0.574865
0.218115 0.237593 0.544292
0.217179 0.233329 0.549492
0.223340 0.265000 0.511660
0.216360 0.554423 0.229218
0.234385 0.315349 0.450266
0.211942 0.211942 0.576117
0.213328 0.217243 0.569429
0.226652 0.486885 0.286463
0.212051 0.212352 0.575597
0.216514 0.230389 0.553097
0.218759 0.240613 0.540628
0.219067 0.242100 0.538833
0.218816 0.240891 0.540293
0.212241 0.212037 0.575723
0.213590 0.218274 0.568137
0.211942 0.211942 0.576117
0.211942 0.211942 0.576117
0.543602 0.220109 0.236289
0.231075 0.332823 0.436101
0.211942 0.211942 0.576116
0.212122 0.212618 0.575260
0.211942 0.211942 0.576117
0.211942 0.211942 0.576117
0.211946 0.211959 0.576094
0.211943 0.211947 0.576110
0.215907 0.227773 0.556320
0.212390 0.213632 0.573979
0.211942 0.211942 0.576117
0.213296 0.217123 0.569581
0.211942 0.211942 0.576117
0.213723 0.218801 0.567475
0.212203 0.212925 0.574872
0.216384 0.229695 0.553922
0.211942 0.211942 0.576117
0.212109 0.212572 0.575319
0.219982 0.246607 0.533410
0.212009 0.212195 0.575796
0.212025 0.212255 0.575720
0.213768 0.218981 0.567251
0.211942 0.211942 0.576117
0.211942 0.211943 0.576115
0.211962 0.212019 0.576019
0.214376 0.221417 0.564207
0.213377 0.217441 0.569182
0.211942 0.211942 0.576117
0.211958 0.211946 0.576096
0.216767 0.551733 0.231500
0.211942 0.211942 0.576116
0.571476 0.215616 0.212908
0.219836 0.534305 0.245859
0.212318 0.213358 0.574324
0.211943 0.211945 0.576112
0.213931 0.219627 0.566442
0.218747 0.240559 0.540695
0.212545 0.214051 0.573404
0.211945 0.211956 0.576098
0.230168 0.449366 0.320466
0.211979 0.212083 0.575938
0.212460 0.213899 0.573641
0.214538 0.222071 0.563392
0.576110 0.211947 0.211943
0.215308 0.225247 0.559445
0.212169 0.212795 0.575036
0.211942 0.211942 0.576117
0.211942 0.211942 0.576117
0.212485 0.213995 0.573519
0.215303 0.225226 0.559471
0.555198 0.216119 0.228683
0.211942 0.211942 0.576117
0.216532 0.230471 0.552997
0.215292 0.225177 0.559531
0.212108 0.212568 0.575323
0.576056 0.211990 0.211954
0.231673 0.343109 0.425219
0.230155 0.316466 0.453379
0.218318 0.238540 0.543141
0.226041 0.282749 0.491210
0.211942 0.211942 0.576117
0.211942 0.211942 0.576117
0.221184 0.252827 0.525989
0.215267 0.225073 0.559660
0.212049 0.212346 0.575604
0.229574 0.313635 0.456791
0.211942 0.211942 0.576117
0.212336 0.213428 0.574236
0.212582 0.214364 0.573054
0.212134 0.212665 0.575201
0.215490 0.226008 0.558501
0.212321 0.213370 0.574310
0.213153 0.216563 0.570284
0.211942 0.211942 0.576117
0.211942 0.211942 0.576117
0.217330 0.234006 0.548664
0.212894 0.215560 0.571546
0.212505 0.214069 0.573426
0.212246 0.213089 0.574665
0.211954 0.211987 0.576059
0.222255 0.258693 0.519052
0.211944 0.211942 0.576114
0.211942 0.211942 0.576117
0.211993 0.212135 0.575872
0.212070 0.212422 0.575508
0.220461 0.249044 0.530494
0.214329 0.221223 0.564448
0.212296 0.213276 0.574428
0.211942 0.211942 0.576117
0.215445 0.225816 0.558739
0.576115 0.211943 0.211942
0.211942 0.211942 0.576117
0.213348 0.217326 0.569326
0.215242 0.224972 0.559786
0.232532 0.367278 0.400190
0.212430 0.212074 0.575496
0.212396 0.213655 0.573949
0.212155 0.212742 0.575103
0.215303 0.225227 0.559470
0.212634 0.214532 0.572834
0.211942 0.211942 0.576117
0.212966 0.215838 0.571196
0.213331 0.217247 0.569422
0.211942 0.211942 0.576116
0.213166 0.216615 0.570219
0.223984 0.267620 0.508397
0.215650 0.226682 0.557668
0.215416 0.225464 0.559120
0.212016 0.212219 0.575765
0.218228 0.238121 0.543651
0.211976 0.212072 0.575952
0.235295 0.217615 0.547090
0.211942 0.211942 0.576117
0.211942 0.211942 0.576117
0.212191 0.575801 0.212008
0.211942 0.211945 0.576112
0.212074 0.212437 0.575489
0.217812 0.236195 0.545993
0.212203 0.575786 0.212011
0.575740 0.212239 0.212021
0.211942 0.211942 0.576117
0.211942 0.211942 0.576117
0.212256 0.213125 0.574619
0.211942 0.211942 0.576117
0.218084 0.237448 0.544468
0.212848 0.215384 0.571768
0.212168 0.212792 0.575041
0.212357 0.213508 0.574135
0.213243 0.216912 0.569845
0.212449 0.213856 0.573695
0.211942 0.211942 0.576117
0.224468 0.272010 0.503521
0.325183 0.385713 0.289104
0.213398 0.569089 0.217513
0.212694 0.214791 0.572515
0.211942 0.211942 0.576117
0.212458 0.213893 0.573648
0.211942 0.211942 0.576117
0.212612 0.214479 0.572909
0.212424 0.213762 0.573814
0.575836 0.212163 0.212001
0.212809 0.215234 0.571957
0.227281 0.292250 0.480469
0.219270 0.243083 0.537648
0.212157 0.212752 0.575091
0.211942 0.211942 0.576117
0.216444 0.230087 0.553469
0.214558 0.222076 0.563366
0.232229 0.344506 0.423264
0.214431 0.221639 0.563930
0.211942 0.211942 0.576117
0.212389 0.213627 0.573984
0.574821 0.212731 0.212448
0.212612 0.214477 0.572911
0.213571 0.218201 0.568228
0.212855 0.215410 0.571735
0.225728 0.495283 0.278989
0.211942 0.211942 0.576116
0.211942 0.211942 0.576117
0.211943 0.576112 0.211945
0.211942 0.211942 0.576117
0.212225 0.213007 0.574768
0.222572 0.260334 0.517094
0.211949 0.211969 0.576082
0.211948 0.211966 0.576086
0.211942 0.211942 0.576117
0.214702 0.222740 0.562559
0.211976 0.212070 0.575955
0.211950 0.211972 0.576078
0.224617 0.272977 0.502405
0.212282 0.213223 0.574495
0.211942 0.211942 0.576117
0.211942 0.211942 0.576117
0.226172 0.242585 0.531242
0.211942 0.211942 0.576117
0.217246 0.233627 0.549127
0.211942 0.211942 0.576117
0.213349 0.217328 0.569323
0.211946 0.211957 0.576098
0.211942 0.211942 0.576117
0.212328 0.213399 0.574273
0.229195 0.309623 0.461182
0.212277 0.213162 0.574561
0.211942 0.211943 0.576115
0.215116 0.224445 0.560439
0.211945 0.211954 0.576101
0.231971 0.293406 0.474623
0.214401 0.221337 0.564262
0.212192 0.212883 0.574925
0.211942 0.211942 0.576117
0.218397 0.238908 0.542696
0.213877 0.219413 0.566710
0.213968 0.219773 0.566259
0.212498 0.214043 0.573459
0.212276 0.213195 0.574529
0.211957 0.212001 0.576042
0.211942 0.211942 0.576117
0.211942 0.211942 0.576116
0.211942 0.211942 0.576117
0.212032 0.212281 0.575687
0.212220 0.212990 0.574790
0.211942 0.211942 0.576117
0.212292 0.213261 0.574447
0.225789 0.280939 0.493273
0.292059 0.309110 0.398832
0.211942 0.211942 0.576117
0.222831 0.261996 0.515173
0.212223 0.212999 0.574778
0.212832 0.215322 0.571846
0.214154 0.220521 0.565325
0.213790 0.219067 0.567143
0.213123 0.216446 0.570431
0.213681 0.218637 0.567682
0.214019 0.219980 0.566001
0.214724 0.222830 0.562446
0.220904 0.251350 0.527746
0.216105 0.228623 0.555271
0.211982 0.212092 0.575926
0.212066 0.212409 0.575525
0.212049 0.212344 0.575608
0.212740 0.214968 0.572292
0.211942 0.211942 0.576117
0.213337 0.217282 0.569381
0.211942 0.211942 0.576117
0.215464 0.225898 0.558639
0.213657 0.218540 0.567803
0.212538 0.214197 0.573264
0.211942 0.211942 0.576117
0.211942 0.211942 0.576117
0.211943 0.211947 0.576110
0.214557 0.222150 0.563293
0.212525 0.214147 0.573328
0.212133 0.212660 0.575207
0.212947 0.215765 0.571288
0.213838 0.219257 0.566906
0.213085 0.216301 0.570614
0.213847 0.219292 0.566861
0.215899 0.227738 0.556363
0.211961 0.212015 0.576024
0.213215 0.216804 0.569981
0.215029 0.224085 0.560886
0.211942 0.211942 0.576117
0.213426 0.217632 0.568942
0.213706 0.218734 0.567561
0.211943 0.211948 0.576109
0.213388 0.217482 0.569130
0.213312 0.217183 0.569506
0.213416 0.212333 0.574251
0.211942 0.211942 0.576117
0.211942 0.211942 0.576117
0.211942 0.211942 0.576117
0.212402 0.213678 0.573920
0.214261 0.220952 0.564787
0.216144 0.228788 0.555068
0.213591 0.218281 0.568127
0.211942 0.211942 0.576117
0.211945 0.211955 0.576100
0.212152 0.212734 0.575114
0.216416 0.229966 0.553618
0.212166 0.212786 0.575048
0.212098 0.212528 0.575374
0.212305 0.213312 0.574383
0.211943 0.211946 0.576112
0.222773 0.261655 0.515572
0.211942 0.211942 0.576117
0.211952 0.211980 0.576069
0.211943 0.211945 0.576112
0.211942 0.211942 0.576117
0.215164 0.224645 0.560192
0.213678 0.218624 0.567698
0.211942 0.211942 0.576117
0.219717 0.245283 0.535000
0.212415 0.213729 0.573856
0.219906 0.246229 0.533864
0.211942 0.211942 0.576117
0.211942 0.211942 0.576117
0.212713 0.214866 0.572420
0.212281 0.213220 0.574499
0.212462 0.213907 0.573631
0.213776 0.219011 0.567213
0.211942 0.211942 0.576117
0.211942 0.211942 0.576117
0.212001 0.212163 0.575837
0.213212 0.216774 0.570014
0.213082 0.216288 0.570630
0.211942 0.211942 0.576117
0.214209 0.220740 0.565051
0.212096 0.212523 0.575381
0.211942 0.211942 0.576117
0.215222 0.224888 0.559890
0.211942 0.211942 0.576117
0.279131 0.245147 0.475723
0.211942 0.576117 0.211942
0.212427 0.213772 0.573802
0.212271 0.213182 0.574546
0.215866 0.227599 0.556535
0.212473 0.213947 0.573580
0.215650 0.226681 0.557669
0.225192 0.273374 0.501434
0.212027 0.212262 0.575711
0.214947 0.223748 0.561305
0.214001 0.219909 0.566090
0.211942 0.211942 0.576117
0.211942 0.211942 0.576117
0.212522 0.214136 0.573342
0.211942 0.211942 0.576117
0.212079 0.212458 0.575462
0.217948 0.236807 0.545245
0.211942 0.211942 0.576116
0.215294 0.225189 0.559517
0.211942 0.211942 0.576116
0.212931 0.215704 0.571365
0.518053 0.243910 0.238037
0.212165 0.212781 0.575054
0.217764 0.235975 0.546262
0.212354 0.212051 0.575595
0.211942 0.211942 0.576117
0.211947 0.211963 0.576090
0.211942 0.211942 0.576117
0.231035 0.436759 0.332206
0.214501 0.221923 0.563575
0.216132 0.228739 0.555129
0.222992 0.262913 0.514094
0.214221 0.220787 0.564992
0.220639 0.249964 0.529397
0.232692 0.386378 0.380930
0.216694 0.231178 0.552129
0.211942 0.211942 0.576117
0.212690 0.214777 0.572533
0.211942 0.211942 0.576117
0.211942 0.211942 0.576117
0.212008 0.212191 0.575801
0.212002 0.212169 0.575829
0.211942 0.211942 0.576117
0.212066 0.212408 0.575526
0.213931 0.219627 0.566443
0.212012 0.212207 0.575781
0.212599 0.214428 0.572974
0.216613 0.230824 0.552563
0.217052 0.232761 0.550188
0.213524 0.218016 0.568459
0.213497 0.217872 0.568631
0.211944 0.211952 0.576104
0.221299 0.253443 0.525258
0.212512 0.573393 0.214096
0.232420 0.361734 0.405846
0.211942 0.211942 0.576116
0.212844 0.215370 0.571786
0.213329 0.217251 0.569420
0.212065 0.212405 0.575531
0.212002 0.212167 0.575832
0.212491 0.214017 0.573492
0.212016 0.212222 0.575761
0.211970 0.212048 0.575982
0.214060 0.220141 0.565799
0.216710 0.231159 0.552131
0.214141 0.220468 0.565391
0.213383 0.217461 0.569156
0.213448 0.217716 0.568836
0.222425 0.259655 0.517920
0.223629 0.246758 0.529613
0.212127 0.575234 0.212639
0.213714 0.218765 0.567521
0.211942 0.211942 0.576117
0.230047 0.319016 0.450937
0.211942 0.211942 0.576117
0.212280 0.213215 0.574505
0.214457 0.221740 0.563803
0.212524 0.214144 0.573331
0.211942 0.211942 0.576117
0.211942 0.211942 0.576117
0.211944 0.211942 0.576114
0.218119 0.565106 0.216775
0.213463 0.217777 0.568760
0.212986 0.215917 0.571097
0.213165 0.216613 0.570222
0.217142 0.233163 0.549695
0.219051 0.242024 0.538925
0.212348 0.213472 0.574181
0.213785 0.219045 0.567171
0.212005 0.212179 0.575816
0.230381 0.446539 0.323080
0.223538 0.266096 0.510366
0.216949 0.232306 0.550745
0.212287 0.213243 0.574470
0.212198 0.212907 0.574895
0.223926 0.507495 0.268579
0.214126 0.220407 0.565467
0.212094 0.212513 0.575393
0.211942 0.211942 0.576117
0.214150 0.220504 0.565346
0.212478 0.213969 0.573553
0.258725 0.336232 0.405042
0.211942 0.211942 0.576117
0.211961 0.212016 0.576023
0.214770 0.222990 0.562240
0.220199 0.247706 0.532095
0.213617 0.218383 0.568000
0.212027 0.212260 0.575713
0.212149 0.212720 0.575131
0.306989 0.464015 0.228996
0.212130 0.212650 0.575220
0.213161 0.216595 0.570245
0.211947 0.211963 0.576089
0.211942 0.211942 0.576117
0.211942 0.211942 0.576117
0.211942 0.576117 0.211942
0.217996 0.237043 0.544960
0.213332 0.217263 0.569405
0.211964 0.212026 0.576010
0.211948 0.211967 0.576084
0.215812 0.227368 0.556820
0.211946 0.211960 0.576094
0.211942 0.211942 0.576116
0.211993 0.212136 0.575871
0.211952 0.211981 0.576067
0.211963 0.212023 0.576014
0.211942 0.211942 0.576117
0.212137 0.575185 0.212677
0.213132 0.216482 0.570387
0.211942 0.576117 0.211942
0.223536 0.511398 0.265066
0.225909 0.281796 0.492295
0.220138 0.247394 0.532468
0.214279 0.220981 0.564740
0.211942 0.211942 0.576117
0.211942 0.211943 0.576115
0.212645 0.214604 0.572751
0.214439 0.221668 0.563893
0.211942 0.211942 0.576117
0.211942 0.211942 0.576116
0.211942 0.211942 0.576117
0.213226 0.216768 0.570006
0.211942 0.211942 0.576117
0.213469 0.217800 0.568731
0.212306 0.213316 0.574378
0.215882 0.224472 0.559646
0.215129 0.224499 0.560373
0.214767 0.223005 0.562227
0.213315 0.217195 0.569490
0.211984 0.212099 0.575918
0.212889 0.215531 0.571580
0.214925 0.223657 0.561417
0.212352 0.213487 0.574162
0.212575 0.214337 0.573088
0.211942 0.211942 0.576116
0.211966 0.212032 0.576002
0.211967 0.211948 0.576084
0.214376 0.221416 0.564207
0.211943 0.211947 0.576110
0.212332 0.213413 0.574255
0.212606 0.214457 0.572937
0.212701 0.214821 0.572478
0.231630 0.278993 0.489377
0.215868 0.227608 0.556524
0.215078 0.224288 0.560635
0.211961 0.212013 0.576026
0.211942 0.211942 0.576117
0.211943 0.211947 0.576111
0.211942 0.211942 0.576117
0.212940 0.215737 0.571323
0.213332 0.217263 0.569405
0.212690 0.214779 0.572531
0.211961 0.212016 0.576023
0.213467 0.217791 0.568742
0.211942 0.211942 0.576117
0.211942 0.211942 0.576117
0.212147 0.212713 0.575140
0.213433 0.217647 0.568920
0.211942 0.211942 0.576117
0.214121 0.220389 0.565490
0.212831 0.215319 0.571850
0.214963 0.223802 0.561235
0.215572 0.226351 0.558077
0.211942 0.211942 0.576117
0.212831 0.215320 0.571849
0.211942 0.211942 0.576117
0.224647 0.215164 0.560189
0.213192 0.212274 0.574534
0.213069 0.216240 0.570691
0.212850 0.215393 0.571756
0.212128 0.212642 0.575229
0.213263 0.216993 0.569744
0.211942 0.211942 0.576117
0.211942 0.211942 0.576117
0.230719 0.327626 0.441655
0.212146 0.212710 0.575144
0.215399 0.225624 0.558977
0.213414 0.212332 0.574254
0.211942 0.211942 0.576117
0.211983 0.212096 0.575921
0.212745 0.214988 0.572266
0.211985 0.575911 0.212104
0.212418 0.213738 0.573845
0.218723 0.240452 0.540825
0.212531 0.214170 0.573299
0.220366 0.248556 0.531079
0.213621 0.218396 0.567983
0.212051 0.212352 0.575597
0.229632 0.277300 0.493068
0.212276 0.575692 0.212031
0.212492 0.214019 0.573489
0.212990 0.215932 0.571078
0.231795 0.344541 0.423664
0.211942 0.211942 0.576117
0.211942 0.211942 0.576117
0.213853 0.219316 0.566831
0.213041 0.216128 0.570831
0.212012 0.212206 0.575782
0.215334 0.225353 0.559313
0.216601 0.230771 0.552628
0.211955 0.211992 0.576053
0.212633 0.214559 0.572808
0.217622 0.235312 0.547067
0.215806 0.227215 0.556979
0.216343 0.229060 0.554597
0.213078 0.216272 0.570650
0.215243 0.224976 0.559781
0.238411 0.238310 0.523279
0.211993 0.212133 0.575875
0.215473 0.225893 0.558634
0.212202 0.212920 0.574879
0.222099 0.257823 0.520078
0.215773 0.227199 0.557028
0.215909 0.227781 0.556310
0.212210 0.212951 0.574839
0.211942 0.211942 0.576117
0.213322 0.217223 0.569455
0.212311 0.213333 0.574356
0.212838 0.215344 0.571818
0.211942 0.211943 0.576115
0.240157 0.541181 0.218661
0.211942 0.211942 0.576117
0.211960 0.211947 0.576092
0.216081 0.228518 0.555401
0.223461 0.265725 0.510815
0.212042 0.212320 0.575638
0.211942 0.211942 0.576117
0.213293 0.217111 0.569596
0.217031 0.232665 0.550303
0.212237 0.213054 0.574708
0.212288 0.213248 0.574464
0.212025 0.212256 0.575719
0.571504 0.215593 0.212902
0.212300 0.213291 0.574410
0.214583 0.222254 0.563164
0.212344 0.213457 0.574200
0.213498 0.217914 0.568588
0.212007 0.212188 0.575805
0.212031 0.212278 0.575691
0.217246 0.233629 0.549125
0.228735 0.305051 0.466214
0.211950 0.576080 0.211970
0.213694 0.218685 0.567621
0.211942 0.211944 0.576114
0.212594 0.214366 0.573040
0.221744 0.255853 0.522404
0.216817 0.231720 0.551463
0.211945 0.211956 0.576099
0.561002 0.223992 0.215006
0.230093 0.319555 0.450353
0.211942 0.211942 0.576117
0.213175 0.216650 0.570176
0.211942 0.211942 0.576117
0.211942 0.211942 0.576117
0.211942 0.211942 0.576117
0.212039 0.212301 0.575660
0.211995 0.212141 0.575864
0.211942 0.211942 0.576117
0.222836 0.262025 0.515138
0.216760 0.231470 0.551770
0.211942 0.211942 0.576117
0.250074 0.529266 0.220660
0.229060 0.308026 0.462914
0.226115 0.283285 0.490601
0.211942 0.211943 0.576115
0.214082 0.220232 0.565686
0.218569 0.239715 0.541716
0.232764 0.387436 0.379801
0.212636 0.214571 0.572793
0.214448 0.221705 0.563848
0.213231 0.216869 0.569899
0.213529 0.568435 0.218036
0.213081 0.216282 0.570637
0.213276 0.217018 0.569706
0.213141 0.216516 0.570343
0.211942 0.211942 0.576117
0.214353 0.221321 0.564326
0.215049 0.224142 0.560810
0.232206 0.342936 0.424858
0.221083 0.527511 0.251406
0.220445 0.248963 0.530591
0.212053 0.212360 0.575587
0.212198 0.212904 0.574898
0.414255 0.232141 0.353604
0.212633 0.214559 0.572808
0.222492 0.260038 0.517470
0.223181 0.264050 0.512769
0.212612 0.214410 0.572979
0.213446 0.217710 0.568844
0.211942 0.211942 0.576117
0.214279 0.221024 0.564696
0.212042 0.575642 0.212317
0.213426 0.568945 0.217630
0.213306 0.217160 0.569534
0.212362 0.213526 0.574112
0.215378 0.225536 0.559086
0.213108 0.216390 0.570502
0.222642 0.516462 0.260897
0.211952 0.211944 0.576104
0.218270 0.238317 0.543413
0.211951 0.211976 0.576073
0.212224 0.213005 0.574770
0.212216 0.212974 0.574810
0.213786 0.219049 0.567165
0.211942 0.211942 0.576117
0.212877 0.215497 0.571625
0.212931 0.215704 0.571365
0.211942 0.211942 0.576117
0.211942 0.211942 0.576117
0.213747 0.218894 0.567359
0.218387 0.238864 0.542749
0.211942 0.211942 0.576116
0.211942 0.211942 0.576117
0.211942 0.211942 0.576117
0.212701 0.214820 0.572479
0.212396 0.213655 0.573949
0.213730 0.218828 0.567443
0.213458 0.217756 0.568786
0.213817 0.219173 0.567010
0.219418 0.536774 0.243808
0.214035 0.220042 0.565923
0.213381 0.217454 0.569165
0.213135 0.216496 0.570369
0.214591 0.222286 0.563124
0.214646 0.222511 0.562844
0.213977 0.219811 0.566212
0.211942 0.211942 0.576116
0.214094 0.220279 0.565627
0.211960 0.212009 0.576031
0.212133 0.212661 0.575206
0.214588 0.222275 0.563137
0.212302 0.213280 0.574418
0.211942 0.211942 0.576117
0.214394 0.221486 0.564120
0.211993 0.212136 0.575870
0.223222 0.512846 0.263933
0.211994 0.211956 0.576050
0.212636 0.214572 0.572792
0.222236 0.258590 0.519173
0.211942 0.211942 0.576117
0.211991 0.212125 0.575884
0.572763 0.214595 0.212642
0.211943 0.211948 0.576108
0.211942 0.211942 0.576117
0.211942 0.211942 0.576117
0.211956 0.211996 0.576048
0.212137 0.212676 0.575187
0.229049 0.308137 0.462815
0.212667 0.214690 0.572642
0.211942 0.211942 0.576117
0.211942 0.211942 0.576117
0.211942 0.211942 0.576117
0.211942 0.211942 0.576117
0.211942 0.211942 0.576117
0.211943 0.211946 0.576111
0.212217 0.212980 0.574803
0.229738 0.315439 0.454823
0.212970 0.215856 0.571173
0.218419 0.542572 0.239009
0.216722 0.231301 0.551977
0.213480 0.217844 0.568676
0.211942 0.211942 0.576117
0.211942 0.211942 0.576117
0.211942 0.211942 0.576117
0.220349 0.248468 0.531183
0.227523 0.478274 0.294203
0.211942 0.211942 0.576117
0.211942 0.211942 0.576117
0.211942 0.211942 0.576117
0.211942 0.211942 0.576117
0.212308 0.213323 0.574369
0.222658 0.516351 0.260991
0.231991 0.338383 0.429627
0.215777 0.227218 0.557005
0.223738 0.267415 0.508848
0.211945 0.211943 0.576112
0.216301 0.229467 0.554232
0.211992 0.575876 0.212132
0.212160 0.212763 0.575077
0.212079 0.212457 0.575464
0.211942 0.211942 0.576117
0.211942 0.211942 0.576117
0.215138 0.224538 0.560324
0.211983 0.575919 0.212098
0.212205 0.212931 0.574864
0.217531 0.234915 0.547554
0.211943 0.211948 0.576109
0.213002 0.215979 0.571019
0.214998 0.561046 0.223957
0.213262 0.216990 0.569748
0.212160 0.212762 0.575078
0.213435 0.217667 0.568898
0.212356 0.213505 0.574138
0.212567 0.214307 0.573126
0.212310 0.213330 0.574360
0.213334 0.217272 0.569394
0.238710 0.241774 0.519516
0.212431 0.213788 0.573781
0.211942 0.211942 0.576117
0.216452 0.230009 0.553538
0.214376 0.221416 0.564207
0.212337 0.213432 0.574231
0.212939 0.215736 0.571325
0.212273 0.213188 0.574539
0.213509 0.217956 0.568535
0.212095 0.212519 0.575386
0.212921 0.215664 0.571415
0.223498 0.265916 0.510586
0.212007 0.212188 0.575805
0.214819 0.223221 0.561960
0.212306 0.213314 0.574380
0.220109 0.247248 0.532643
0.215961 0.228003 0.556036
0.213248 0.216935 0.569817
0.212231 0.213031 0.574737
0.211981 0.212090 0.575929
0.212604 0.214446 0.572950
0.211942 0.211945 0.576113
0.575999 0.212035 0.211966
0.211942 0.211942 0.576117
0.211955 0.211993 0.576052
0.211942 0.211942 0.576117
0.216379 0.229807 0.553814
0.223370 0.265180 0.511450
0.211942 0.211942 0.576117
0.214699 0.222730 0.562570
0.211946 0.211960 0.576094
0.226805 0.484717 0.288478
0.211949 0.576079 0.211971
0.216053 0.228397 0.555550
0.213708 0.218741 0.567552
0.211942 0.211942 0.576117
0.221232 0.253087 0.525681
0.214655 0.222549 0.562796
0.212255 0.213121 0.574623
0.211942 0.211942 0.576117
0.211942 0.211942 0.576117
0.218692 0.240302 0.541006
0.211942 0.211942 0.576116
0.213254 0.569933 0.216813
0.211951 0.211977 0.576072
0.211942 0.211942 0.576117
0.213585 0.218255 0.568160
0.576102 0.211945 0.211953
0.212227 0.213015 0.574758
0.215998 0.228161 0.555841
0.213519 0.217998 0.568483
0.215449 0.225836 0.558714
0.211947 0.211963 0.576089
0.212100 0.212538 0.575361
0.211942 0.211942 0.576117
0.213424 0.217622 0.568954
0.214658 0.222561 0.562781
0.212028 0.212267 0.575705
0.211981 0.212089 0.575930
0.211952 0.211945 0.576103
0.211983 0.212096 0.575922
0.211942 0.211942 0.576117
0.212489 0.574784 0.212728
0.212548 0.214233 0.573220
0.211942 0.211942 0.576117
0.212953 0.215789 0.571259
0.225409 0.278282 0.496309
0.215305 0.560709 0.223987
0.211942 0.211942 0.576117
0.212411 0.213713 0.573876
0.211964 0.211948 0.576088
0.212364 0.213534 0.574102
0.212607 0.214460 0.572933
0.214602 0.222331 0.563067
0.213404 0.217544 0.569052
0.211942 0.211942 0.576117
0.220702 0.250288 0.529010
0.224476 0.272059 0.503465
0.211942 0.211942 0.576117
0.211942 0.211942 0.576117
0.212793 0.215175 0.572032
0.211942 0.211942 0.576117
0.211942 0.211942 0.576117
0.212033 0.212284 0.575683
0.212247 0.213090 0.574663
0.213455 0.217746 0.568799
0.212267 0.212965 0.574767
0.211942 0.211942 0.576116
0.575766 0.212219 0.212016
0.214647 0.222518 0.562834
0.211942 0.211942 0.576117
0.212503 0.214064 0.573433
0.223165 0.263958 0.512877
0.217728 0.235812 0.546460
0.214302 0.221115 0.564582
0.211942 0.211942 0.576116
0.226767 0.288180 0.485053
0.214137 0.220332 0.565530
0.223735 0.267383 0.508882
0.212425 0.213765 0.573810
0.214302 0.221071 0.564627
0.230272 0.321517 0.448211
0.219709 0.245245 0.535045
0.212229 0.213022 0.574749
0.211943 0.211943 0.576114
0.229331 0.459896 0.310774
0.223467 0.265748 0.510785
0.212288 0.213247 0.574465
0.216964 0.232373 0.550663
0.222610 0.260715 0.516675
0.212986 0.215916 0.571098
0.213931 0.219626 0.566443
0.214636 0.222470 0.562895
0.212141 0.212690 0.575169
0.216792 0.216992 0.566215
0.211942 0.211942 0.576117
0.212288 0.213245 0.574468
0.211943 0.211947 0.576110
0.211942 0.576117 0.211942
0.211942 0.211944 0.576114
0.213984 0.219840 0.566175
0.212220 0.212991 0.574789
0.213069 0.216240 0.570690
0.571835 0.215331 0.212834
0.212020 0.212237 0.575743
0.211942 0.211942 0.576117
0.211942 0.211942 0.576117
0.211942 0.211942 0.576117
0.211942 0.211942 0.576117
0.212851 0.215395 0.571755
0.212325 0.213388 0.574287
0.211942 0.576117 0.211942
0.211944 0.211949 0.576107
0.219475 0.244088 0.536437
0.212232 0.213009 0.574759
0.211942 0.211942 0.576117
0.211942 0.211942 0.576116
0.211942 0.211942 0.576117
0.211942 0.211942 0.576117
0.211942 0.211942 0.576117
0.211948 0.211965 0.576087
0.216867 0.231940 0.551193
0.211984 0.212102 0.575913
0.212492 0.214021 0.573487
0.211942 0.576117 0.211942
0.211942 0.211942 0.576117
0.211942 0.211944 0.576114
0.211998 0.212154 0.575848
0.211942 0.211942 0.576117
0.214300 0.221106 0.564594
0.211942 0.211942 0.576117
0.212133 0.212661 0.575205
0.212342 0.213452 0.574206
0.212071 0.212428 0.575500
0.211944 0.211952 0.576104
0.212059 0.212384 0.575557
0.211942 0.211942 0.576117
0.213075 0.216261 0.570664
0.212470 0.213937 0.573594
0.212828 0.215307 0.571866
0.212041 0.575982 0.211977
0.213935 0.219644 0.566421
0.211942 0.211942 0.576117
0.211942 0.211942 0.576117
0.211942 0.211942 0.576117
0.212333 0.213416 0.574251
0.211999 0.212158 0.575843
0.213889 0.219459 0.566653
0.211942 0.211942 0.576117
0.212090 0.575924 0.211986
0.211945 0.211953 0.576103
0.212269 0.213173 0.574559
0.217852 0.236380 0.545768
0.211983 0.212096 0.575921
0.225851 0.215453 0.558697
0.212531 0.214169 0.573301
0.211942 0.211942 0.576117
0.212697 0.214806 0.572497
0.215107 0.224408 0.560484
0.214535 0.222059 0.563407
0.211942 0.211942 0.576117
0.418510 0.233881 0.347609
0.225927 0.281907 0.492166
0.232443 0.363325 0.404232
0.212102 0.212486 0.575411
0.212035 0.212290 0.575675
0.228166 0.297679 0.474155
0.212686 0.214762 0.572552
0.247067 0.280605 0.472328
0.212921 0.215667 0.571412
0.211942 0.211942 0.576117
0.211942 0.211942 0.576117
0.211942 0.211942 0.576117
0.230594 0.443484 0.325922
0.221472 0.254367 0.524161
0.212220 0.212988 0.574792
0.212505 0.214069 0.573426
0.211993 0.212135 0.575872
0.213302 0.217145 0.569553
0.211943 0.211945 0.576112
0.212244 0.213079 0.574677
0.212897 0.215572 0.571532
0.217162 0.233247 0.549591
0.213469 0.217800 0.568731
0.212737 0.214957 0.572307
0.220429 0.248882 0.530688
0.211947 0.211958 0.576096
0.212159 0.212760 0.575080
0.214390 0.221471 0.564139
0.211954 0.211988 0.576058
0.229545 0.457135 0.313319
0.211942 0.211943 0.576116
0.212149 0.212722 0.575128
0.212113 0.212585 0.575303
0.212563 0.214293 0.573144
0.212817 0.215265 0.571918
0.212080 0.212460 0.575460
0.211942 0.211945 0.576113
0.211942 0.211942 0.576117
0.572323 0.214944 0.212733
0.212253 0.574640 0.213106
0.213047 0.216155 0.570798
0.221977 0.257141 0.520882
0.216184 0.228963 0.554853
0.211946 0.211945 0.576109
0.214136 0.220447 0.565417
0.211942 0.211942 0.576116
0.217541 0.234958 0.547502
0.211945 0.211956 0.576099
0.214645 0.219698 0.565657
0.575279 0.212603 0.212118
0.216517 0.230307 0.553176
0.211942 0.211942 0.576117
0.350305 0.232008 0.417688
0.211942 0.211942 0.576117
0.211944 0.211947 0.576109
0.211942 0.211942 0.576117
0.211957 0.211998 0.576045
0.222943 0.253518 0.523539
0.211993 0.212136 0.575871
0.218210 0.238036 0.543753
0.229324 0.459722 0.310954
0.223448 0.510904 0.265648
0.219426 0.243847 0.536726
0.217017 0.550379 0.232604
0.225322 0.277680 0.496998
0.211942 0.211942 0.576117
0.211942 0.211942 0.576117
0.211948 0.211965 0.576088
0.212126 0.212633 0.575241
0.214995 0.223946 0.561059
0.212072 0.212430 0.575498
0.221434 0.254169 0.524397
0.212977 0.215881 0.571142
0.214895 0.561590 0.223515
0.213416 0.217593 0.568991
0.212279 0.213214 0.574507
0.212777 0.215111 0.572112
0.213035 0.216108 0.570856
0.212312 0.213337 0.574350
0.212139 0.212683 0.575179
0.211942 0.211942 0.576117
0.211950 0.211944 0.576106
0.212752 0.215014 0.572234
0.212851 0.215394 0.571755
0.212558 0.214268 0.573174
0.212305 0.213312 0.574383
0.212229 0.213023 0.574747
0.213485 0.217864 0.568651
0.572472 0.214206 0.213322
0.211960 0.211947 0.576094
0.211942 0.211942 0.576117
0.212643 0.214597 0.572760
0.211942 0.211942 0.576117
0.212217 0.212015 0.575768
0.211970 0.212048 0.575982
0.213576 0.218218 0.568206
0.213647 0.218500 0.567853
0.212011 0.212201 0.575789
0.220686 0.250207 0.529107
0.219655 0.244614 0.535731
0.213853 0.219316 0.566831
0.217530 0.234779 0.547692
0.231654 0.342745 0.425601
0.364379 0.242371 0.393250
0.218455 0.239181 0.542365
0.219459 0.244006 0.536535
0.212329 0.213400 0.574271
0.234840 0.373243 0.391917
0.212791 0.215166 0.572043
0.215307 0.225243 0.559449
0.213827 0.219214 0.566958
0.211942 0.211942 0.576117
0.212463 0.213910 0.573628
0.211942 0.211942 0.576117
0.211944 0.211951 0.576105
0.212704 0.572472 0.214824
0.211942 0.211942 0.576117
0.229218 0.309510 0.461272
0.214998 0.223958 0.561044
0.217621 0.235322 0.547057
0.211942 0.211942 0.576117
0.212915 0.215639 0.571446
0.223355 0.264622 0.512022
0.213119 0.216433 0.570448
0.230407 0.446138 0.323455
0.212863 0.215440 0.571697
0.213380 0.217418 0.569202
0.211942 0.211942 0.576117
0.214874 0.223447 0.561679
0.212273 0.213191 0.574536
0.226068 0.282588 0.491344
0.211942 0.211942 0.576117
0.211942 0.211942 0.576117
0.211942 0.211942 0.576117
0.212303 0.213302 0.574395
0.213930 0.219623 0.566447
0.211942 0.211943 0.576115
0.211942 0.211942 0.576117
0.212250 0.575474 0.212276
0.222479 0.259958 0.517563
0.214730 0.222855 0.562415
0.213984 0.219839 0.566178
0.221851 0.563666 0.214484
0.216691 0.231168 0.552140
0.225961 0.491870 0.282170
0.213234 0.216881 0.569885
0.219294 0.243157 0.537548
0.212285 0.213233 0.574482
0.214604 0.222339 0.563057
0.222078 0.537246 0.240676
0.217995 0.237037 0.544968
0.216681 0.221165 0.562155
0.213820 0.219185 0.566995
0.212769 0.215079 0.572152
0.576091 0.211962 0.211947
0.211942 0.211942 0.576117
0.212394 0.213649 0.573956
0.212665 0.214678 0.572657
0.212450 0.213861 0.573689
0.216991 0.232492 0.550517
0.215833 0.227457 0.556710
0.225056 0.275882 0.499061
0.216946 0.232273 0.550781
0.214087 0.219693 0.566219
0.211942 0.211942 0.576117
0.215038 0.224077 0.560886
0.211943 0.211948 0.576108
0.213203 0.216760 0.570037
0.214174 0.220600 0.565225
0.216863 0.231924 0.551213
0.211942 0.211942 0.576117
0.212885 0.215528 0.571586
0.211942 0.211942 0.576116
0.211942 0.211942 0.576117
0.211942 0.211943 0.576115
0.224961 0.275241 0.499798
0.212139 0.212683 0.575177
0.211942 0.211942 0.576117
0.232029 0.350826 0.417145
0.212152 0.212732 0.575116
0.216412 0.229564 0.554024
0.217087 0.232919 0.549994
0.217586 0.235166 0.547248
0.212449 0.213856 0.573695
0.212150 0.212726 0.575124
0.212540 0.214205 0.573254
0.211942 0.211942 0.576117
0.212428 0.212980 0.574592
0.212768 0.215078 0.572154
0.221512 0.254592 0.523896
0.211942 0.211942 0.576117
0.212093 0.212508 0.575399
0.212662 0.214669 0.572669
0.212301 0.213297 0.574401
0.212852 0.215400 0.571748
0.212534 0.214180 0.573287
0.214078 0.219848 0.566075
0.215679 0.226805 0.557516
0.214887 0.562663 0.222450
0.215497 0.226038 0.558465
0.212684 0.214737 0.572579
0.215254 0.225020 0.559726
0.222668 0.258249 0.519082
0.227537 0.294359 0.478104
0.219763 0.245513 0.534724
0.218205 0.238012 0.543782
0.231704 0.424587 0.343710
0.211942 0.211942 0.576117
0.211942 0.211942 0.576117
0.217611 0.235229 0.547160
0.212113 0.212586 0.575300
0.214102 0.220309 0.565589
0.213495 0.217903 0.568602
0.231535 0.340363 0.428102
0.211942 0.211942 0.576117
0.211942 0.211942 0.576117
0.224246 0.505162 0.270591
0.284354 0.260931 0.454715
0.222217 0.257192 0.520591
0.211942 0.211942 0.576117
0.214625 0.221590 0.563785
0.221681 0.255502 0.522817
0.223405 0.524679 0.251916
0.211942 0.211942 0.576117
0.225243 0.497637 0.277120
0.212528 0.214157 0.573315
0.219161 0.242552 0.538287
0.212721 0.214898 0.572381
0.213811 0.219149 0.567041
0.214009 0.219939 0.566051
0.211963 0.212020 0.576017
0.211942 0.211942 0.576117
0.211942 0.211942 0.576117
0.225988 0.282286 0.491726
0.212843 0.215366 0.571791
0.212409 0.213704 0.573887
0.211942 0.211942 0.576117
0.212978 0.215885 0.571137
0.212023 0.576014 0.211963
0.212298 0.213283 0.574420
0.211942 0.211942 0.576117
0.230383 0.271351 0.498266
0.213344 0.217310 0.569346
0.212447 0.213851 0.573701
0.212892 0.215553 0.571555
0.212051 0.212353 0.575595
0.212352 0.213460 0.574188
0.211942 0.211942 0.576117
0.212084 0.212476 0.575439
0.212142 0.212693 0.575165
0.226754 0.485187 0.288060
0.213793 0.219037 0.567170
0.214672 0.220539 0.564789
0.212760 0.215045 0.572196
0.212121 0.212616 0.575263
0.221563 0.254869 0.523568
0.211942 0.211942 0.576117
0.211945 0.211942 0.576113
0.211942 0.211942 0.576117
0.212020 0.212237 0.575743
0.211942 0.211942 0.576117
0.230812 0.256607 0.512581
0.211942 0.211942 0.576117
0.211942 0.211942 0.576117
0.211942 0.211942 0.576117
0.211942 0.211942 0.576117
0.211942 0.211942 0.576117
0.214388 0.221007 0.564605
0.213238 0.216895 0.569868
0.212031 0.212277 0.575692
0.211942 0.211942 0.576117
0.211962 0.212017 0.576021
0.211942 0.211942 0.576117
0.212537 0.214188 0.573275
0.216802 0.231654 0.551544
0.211942 0.211942 0.576117
0.216654 0.231006 0.552339
0.213279 0.217054 0.569667
0.212032 0.212280 0.575688
0.211942 0.211942 0.576117
0.212211 0.212947 0.574842
0.213015 0.216029 0.570956
0.212254 0.213118 0.574628
0.213217 0.216812 0.569972
0.211942 0.211942 0.576117
0.221273 0.253305 0.525422
0.211943 0.211947 0.576110
0.215938 0.227907 0.556154
0.212166 0.212785 0.575049
0.211942 0.211942 0.576116
0.214053 0.220114 0.565833
0.212345 0.213462 0.574193
0.211942 0.211942 0.576117
0.212786 0.215146 0.572067
0.213803 0.219120 0.567077
0.211942 0.211942 0.576117
0.212379 0.213591 0.574031
0.212646 0.214609 0.572745
0.212200 0.212914 0.574886
0.219175 0.242620 0.538205
0.216952 0.232318 0.550730
0.215041 0.224134 0.560826
0.232451 0.363622 0.403927
0.215462 0.225891 0.558647
0.217199 0.233418 0.549384
0.230467 0.324233 0.445301
0.217054 0.232769 0.550177
0.214537 0.222068 0.563395
0.215384 0.225563 0.559054
0.230452 0.302794 0.466754
0.212279 0.574516 0.213206
0.225383 0.278100 0.496517
0.213921 0.566495 0.219585
0.215554 0.226278 0.558168
0.213278 0.217053 0.569668
0.227636 0.295188 0.477176
0.212831 0.215320 0.571849
0.211942 0.211942 0.576117
0.212463 0.213912 0.573625
0.212743 0.214979 0.572278
0.213342 0.217297 0.569361
0.212182 0.212844 0.574974
0.216149 0.228810 0.555041
0.212491 0.214018 0.573491
0.217490 0.234730 0.547779
0.217883 0.236522 0.545595
0.212484 0.213990 0.573526
0.212118 0.212604 0.575278
0.217680 0.235592 0.546728
0.213018 0.216040 0.570942
0.211942 0.211944 0.576113
0.212174 0.212817 0.575009
0.212881 0.215511 0.571608
0.214722 0.222823 0.562454
0.214376 0.221416 0.564207
0.225674 0.494195 0.280130
0.211954 0.211989 0.576057
0.230915 0.441826 0.327259
0.212134 0.212663 0.575204
0.230657 0.326359 0.442983
0.212631 0.214550 0.572819
0.218626 0.239958 0.541416
0.212572 0.214310 0.573118
0.213667 0.218582 0.567751
0.212954 0.215791 0.571255
0.211942 0.211942 0.576117
0.211942 0.211942 0.576117
0.212106 0.212558 0.575336
0.212983 0.215907 0.571109
0.212154 0.212741 0.575105
0.215394 0.225605 0.559002
0.213987 0.219846 0.566168
0.216332 0.229601 0.554067
0.213436 0.217669 0.568896
0.212699 0.214810 0.572491
0.212586 0.214381 0.573033
0.215368 0.225495 0.559137
0.212057 0.212373 0.575570
0.218467 0.238106 0.543426
0.214833 0.214613 0.570555
0.217386 0.234257 0.548357
0.211942 0.211942 0.576117
0.211942 0.211942 0.576117
0.212122 0.212620 0.575257
0.232268 0.410440 0.357292
0.213091 0.216323 0.570586
0.215030 0.224089 0.560881
0.215457 0.225857 0.558686
0.213739 0.218866 0.567395
0.214231 0.220829 0.564940
0.215701 0.226853 0.557446
0.212498 0.214044 0.573458
0.220585 0.249684 0.529731
0.212559 0.214276 0.573165
0.213151 0.216558 0.570290
0.214685 0.222668 0.562647
0.215231 0.224924 0.559845
0.212781 0.215126 0.572093
0.212578 0.214348 0.573074
0.211942 0.211942 0.576117
0.212464 0.213914 0.573623
0.212218 0.212664 0.575118
0.212729 0.214927 0.572344
0.213118 0.216427 0.570456
0.216627 0.552488 0.230885
0.231620 0.235724 0.532656
0.215168 0.224663 0.560168
0.218451 0.542385 0.239164
0.211942 0.211942 0.576117
0.217951 0.236691 0.545358
0.213955 0.219722 0.566324
0.220228 0.247850 0.531922
0.575918 0.212099 0.211983
0.247030 0.343812 0.409159
0.211964 0.212025 0.576011
0.213798 0.219099 0.567103
0.213622 0.218379 0.567999
0.212983 0.215904 0.571113
0.218741 0.240535 0.540724
0.212822 0.215279 0.571899
0.215796 0.227299 0.556906
0.222030 0.520536 0.257434
0.212535 0.214184 0.573281
0.215246 0.224987 0.559767
0.212473 0.213950 0.573577
0.220141 0.247413 0.532446
0.212508 0.214083 0.573408
0.255129 0.523108 0.221763
0.211942 0.211943 0.576115
0.212787 0.215148 0.572065
0.211946 0.211959 0.576095
0.211966 0.212035 0.575999
0.212370 0.213555 0.574075
0.212632 0.214556 0.572812
0.212577 0.214346 0.573076
0.217886 0.236535 0.545579
0.211942 0.211942 0.576117
0.212720 0.214892 0.572389
0.211942 0.211942 0.576116
0.212403 0.213681 0.573917
0.212376 0.213578 0.574047
0.216137 0.228758 0.555105
0.213229 0.216857 0.569914
0.212942 0.215746 0.571312
0.212713 0.214867 0.572420
0.212358 0.213511 0.574132
0.211942 0.211942 0.576117
0.224282 0.270821 0.504897
0.214069 0.220177 0.565754
0.212430 0.213787 0.573783
0.212044 0.212325 0.575631
0.212506 0.214073 0.573422
0.217483 0.234697 0.547820
0.213189 0.216705 0.570106
0.215750 0.227105 0.557145
0.213851 0.219311 0.566838
0.315200 0.454002 0.230798
0.212284 0.213232 0.574483
0.212570 0.214306 0.573124
0.211956 0.576047 0.211996
0.226689 0.287577 0.485734
0.212956 0.215800 0.571244
0.216379 0.228795 0.554826
0.575870 0.212136 0.211993
0.212358 0.213510 0.574132
0.212551 0.214245 0.573205
0.211942 0.211942 0.576117
0.212509 0.214087 0.573403
0.213504 0.217939 0.568557
0.573760 0.212469 0.213772
0.212012 0.212207 0.575781
0.215299 0.225209 0.559492
0.216630 0.230899 0.552470
0.213656 0.218538 0.567806
0.213503 0.217933 0.568564
0.214426 0.220854 0.564721
0.211942 0.576117 0.211942
0.229111 0.308763 0.462127
0.211942 0.211942 0.576117
0.214021 0.219967 0.566012
0.213720 0.218788 0.567493
0.214105 0.565633 0.220262
0.212189 0.212869 0.574942
0.211942 0.211942 0.576117
0.211942 0.211942 0.576117
0.227316 0.292235 0.480449
0.211942 0.211942 0.576117
0.226547 0.286496 0.486957
0.211949 0.211969 0.576082
0.212047 0.212337 0.575616
0.211942 0.576117 0.211942
0.575846 0.212156 0.211999
0.212809 0.215234 0.571957
0.235108 0.344440 0.420452
0.212907 0.215611 0.571483
0.232687 0.378495 0.388818
0.211942 0.211942 0.576117
0.213756 0.218931 0.567313
0.211942 0.211942 0.576117
0.213222 0.216832 0.569946
0.232275 0.423790 0.343936
0.218227 0.543661 0.238112
0.212209 0.212949 0.574841
0.215562 0.226283 0.558155
0.212175 0.212810 0.575015
0.211942 0.211942 0.576117
0.212437 0.213810 0.573753
0.564264 0.214368 0.221369
0.221297 0.245499 0.533204
0.222810 0.515315 0.261874
0.212791 0.215163 0.572046
0.213128 0.216469 0.570403
0.222044 0.257510 0.520445
0.212060 0.212387 0.575552
0.221637 0.255066 0.523296
0.212021 0.212238 0.575741
0.212697 0.214802 0.572501
0.212737 0.214957 0.572306
0.217708 0.235718 0.546574
0.217694 0.235657 0.546648
0.224072 0.269482 0.506447
0.216063 0.228443 0.555493
0.470460 0.301215 0.228325
0.214260 0.220942 0.564798
0.216423 0.229998 0.553579
0.211977 0.212075 0.575947
0.212244 0.213078 0.574678
0.216545 0.230522 0.552934
0.212726 0.214914 0.572360
0.219036 0.567086 0.213878
0.212070 0.212425 0.575505
0.212428 0.213776 0.573797
0.218778 0.232181 0.549041
0.212312 0.213336 0.574353
0.219250 0.242979 0.537770
0.254814 0.364110 0.381076
0.213512 0.217970 0.568517
0.212167 0.212789 0.575044
0.231750 0.325195 0.443055
0.212744 0.214983 0.572273
0.212368 0.213550 0.574082
0.212102 0.212543 0.575355
0.211949 0.211970 0.576081
0.212549 0.214236 0.573215
0.211942 0.211942 0.576117
0.212140 0.212687 0.575173
0.213652 0.218521 0.567826
0.232689 0.387068 0.380243
0.222715 0.261308 0.515977
0.212213 0.212963 0.574823
0.229976 0.451852 0.318172
0.212190 0.212877 0.574932
0.563442 0.220085 0.216473
0.215910 0.227785 0.556306
0.212576 0.214343 0.573081
0.213378 0.217442 0.569180
0.211942 0.211942 0.576117
0.213766 0.218972 0.567262
0.211942 0.211942 0.576117
0.218330 0.238593 0.543076
0.217108 0.233012 0.549880
0.222215 0.258472 0.519312
0.212137 0.212678 0.575185
0.220053 0.246952 0.532995
0.211943 0.211947 0.576110
0.217236 0.233586 0.549178
0.212154 0.212736 0.575111
0.212113 0.212584 0.575304
0.212257 0.213130 0.574613
0.212310 0.213329 0.574361
0.212375 0.213576 0.574049
0.213063 0.216217 0.570720
0.224974 0.499698 0.275328
0.211942 0.211942 0.576116
0.212205 0.212933 0.574862
0.222749 0.518560 0.258691
0.214441 0.221679 0.563880
0.212929 0.215696 0.571375
0.213488 0.217874 0.568638
0.212195 0.212893 0.574912
0.211953 0.211986 0.576061
0.218920 0.567314 0.213766
0.212341 0.213448 0.574211
0.211942 0.211942 0.576117
0.218651 0.240106 0.541244
0.212166 0.212784 0.575051
0.213317 0.217205 0.569478
0.212158 0.212756 0.575085
0.212664 0.214678 0.572657
0.226041 0.558461 0.215498
0.212211 0.212957 0.574832
0.575690 0.212279 0.212031
0.213926 0.219607 0.566467
0.211942 0.211942 0.576117
0.211942 0.211942 0.576117
0.211992 0.212129 0.575879
0.212125 0.212632 0.575243
0.516611 0.236480 0.246909
0.213863 0.219357 0.566780
0.213330 0.217254 0.569416
0.212144 0.212703 0.575153
0.232460 0.364036 0.403504
0.558736 0.225819 0.215445
0.212779 0.215120 0.572101
0.219345 0.243448 0.537207
0.213596 0.218299 0.568105
0.213306 0.217160 0.569535
0.213614 0.218369 0.568018
0.213446 0.217708 0.568847
0.215310 0.225250 0.559440
0.213146 0.216538 0.570316
0.215796 0.227300 0.556904
0.212178 0.212830 0.574992
0.212069 0.212419 0.575513
0.212698 0.214809 0.572493
0.214103 0.220173 0.565724
0.216988 0.213262 0.569750
0.213087 0.216308 0.570605
0.215356 0.225439 0.559205
0.214790 0.223101 0.562110
0.216200 0.229028 0.554772
0.211942 0.211942 0.576117
0.218220 0.238050 0.543730
0.215821 0.227408 0.556771
0.215019 0.224044 0.560937
0.211953 0.211983 0.576065
0.211942 0.211942 0.576117
0.212064 0.211974 0.575962
0.214872 0.223437 0.561690
0.215937 0.227901 0.556163
0.214702 0.222740 0.562559
0.211942 0.211942 0.576117
0.211942 0.211942 0.576117
0.211942 0.211942 0.576116
0.211942 0.211942 0.576117
0.211942 0.211942 0.576117
0.212978 0.215886 0.571136
0.211978 0.212079 0.575943
0.211942 0.211942 0.576117
0.212509 0.214084 0.573407
0.213414 0.217584 0.569002
0.217603 0.547200 0.235197
0.211942 0.211942 0.576117
0.211942 0.211942 0.576117
0.213349 0.217331 0.569320
0.212187 0.212863 0.574950
0.212801 0.215205 0.571994
0.214226 0.220808 0.564966
0.213368 0.217402 0.569230
0.221703 0.255631 0.522666
0.211951 0.211975 0.576074
0.211942 0.211942 0.576117
0.211943 0.211945 0.576112
0.213278 0.217053 0.569669
0.214677 0.222640 0.562682
0.214300 0.221109 0.564591
0.214543 0.222091 0.563366
0.220965 0.251668 0.527368
0.212363 0.213531 0.574106
0.216839 0.231817 0.551344
0.213444 0.217701 0.568855
0.212050 0.212347 0.575603
0.212693 0.214789 0.572518
0.211942 0.211945 0.576113
0.212174 0.212681 0.575145
0.216978 0.232432 0.550590
0.215961 0.228004 0.556035
0.216435 0.230048 0.553516
0.211942 0.211942 0.576117
0.211944 0.211942 0.576114
0.211942 0.211942 0.576117
0.212361 0.213522 0.574117
0.213371 0.217415 0.569214
0.214603 0.222336 0.563061
0.222995 0.262673 0.514332
0.215447 0.225826 0.558727
0.213904 0.219520 0.566576
0.212019 0.212233 0.575748
0.214282 0.221033 0.564686
0.215827 0.227432 0.556742
0.212399 0.213666 0.573935
0.211942 0.211942 0.576117
0.213523 0.218013 0.568464
0.221068 0.252215 0.526717
0.212036 0.212298 0.575666
0.218963 0.241597 0.539441
0.213809 0.219144 0.567047
0.212231 0.213029 0.574740
0.218649 0.240098 0.541253
0.215629 0.226588 0.557783
0.216029 0.228295 0.555676
0.232391 0.361361 0.406248
0.211942 0.211942 0.576116
0.211963 0.212022 0.576015
0.211951 0.211977 0.576072
0.211969 0.212045 0.575985
0.211947 0.211963 0.576090
0.214762 0.222986 0.562252
0.569660 0.217060 0.213280
0.217184 0.233352 0.549463
0.211942 0.211942 0.576117
0.211945 0.211956 0.576098
0.212677 0.214726 0.572598
0.217066 0.232826 0.550108
0.211942 0.211942 0.576117
0.211943 0.211949 0.576108
0.219182 0.242658 0.538160
0.211942 0.211942 0.576117
0.212719 0.214887 0.572395
0.574178 0.213474 0.212348
0.216542 0.230516 0.552942
0.212777 0.215112 0.572111
0.217796 0.236120 0.546084
0.213116 0.216421 0.570463
0.212373 0.213568 0.574059
0.212705 0.214835 0.572460
0.212172 0.212808 0.575020
0.211943 0.576108 0.211949
0.217282 0.233784 0.548934
0.216558 0.230583 0.552859
0.213981 0.566191 0.219828
0.213135 0.216496 0.570369
0.216459 0.229806 0.553736
0.212293 0.213264 0.574443
0.322266 0.314986 0.362749
0.211942 0.211942 0.576117
0.212269 0.213175 0.574556
0.216476 0.230227 0.553297
0.214018 0.219974 0.566008
0.212386 0.213617 0.573998
0.211942 0.211942 0.576117
0.212980 0.215895 0.571125
0.224534 0.272438 0.503028
0.219758 0.245487 0.534755
0.211942 0.211942 0.576117
0.211951 0.211944 0.576105
0.213704 0.218728 0.567568
0.212382 0.213604 0.574013
0.212359 0.213510 0.574131
0.211942 0.211942 0.576116
0.211942 0.211942 0.576117
0.212125 0.212632 0.575243
0.213590 0.218276 0.568134
0.212620 0.214509 0.572871
0.212064 0.212401 0.575535
0.219453 0.243980 0.536567
0.212010 0.212198 0.575792
0.223147 0.263851 0.513002
0.213859 0.566800 0.219341
0.212257 0.213128 0.574615
0.212413 0.213720 0.573867
0.214517 0.221988 0.563494
0.216268 0.229324 0.554408
0.211991 0.212126 0.575884
0.212319 0.213364 0.574317
0.211942 0.211942 0.576116
0.212527 0.214155 0.573318
0.573786 0.213630 0.212584
0.229681 0.277585 0.492733
0.211942 0.576117 0.211942
0.212949 0.215773 0.571278
0.212524 0.214144 0.573332
0.219180 0.242648 0.538172
0.211957 0.211998 0.576046
0.215211 0.224842 0.559946
0.215180 0.224710 0.560110
0.216749 0.231334 0.551917
0.212450 0.213860 0.573690
0.211942 0.211943 0.576115
0.213357 0.217359 0.569284
0.213917 0.219561 0.566522
0.211942 0.211944 0.576114
0.211947 0.211944 0.576109
0.211975 0.212067 0.575958
0.211942 0.211942 0.576117
0.218680 0.240246 0.541074
0.213736 0.218851 0.567413
0.213637 0.218461 0.567902
0.211945 0.211955 0.576100
0.212292 0.213260 0.574448
0.211958 0.212003 0.576039
0.211943 0.211945 0.576112
0.217449 0.234543 0.548008
0.212049 0.575981 0.211970
0.212036 0.212295 0.575669
0.219881 0.246099 0.534020
0.230787 0.328574 0.440639
0.216246 0.229228 0.554527
0.212309 0.213327 0.574364
0.215089 0.224333 0.560578
0.212949 0.215773 0.571278
0.220017 0.246783 0.533201
0.214096 0.220287 0.565616
0.211943 0.211948 0.576108
0.211942 0.211942 0.576117
0.211942 0.211942 0.576117
0.213522 0.218001 0.568477
0.212003 0.212171 0.575827
0.211942 0.211942 0.576116
0.214574 0.222218 0.563209
0.211942 0.211942 0.576117
0.212628 0.214541 0.572831
0.575810 0.212159 0.212031
0.212920 0.215662 0.571418
0.212665 0.214680 0.572655
0.211942 0.211942 0.576117
0.228126 0.299427 0.472447
0.212753 0.572269 0.214978
0.212867 0.215457 0.571676
0.212939 0.215734 0.571328
0.211942 0.211942 0.576117
0.212355 0.213501 0.574143
0.224524 0.271282 0.504194
0.211942 0.211942 0.576117
0.211950 0.211975 0.576075
0.212099 0.212531 0.575370
0.214944 0.223735 0.561321
0.213552 0.218128 0.568320
0.212424 0.213741 0.573836
0.232275 0.410239 0.357486
0.232618 0.395103 0.372279
0.211942 0.211943 0.576116
0.224663 0.273277 0.502060
0.213660 0.218550 0.567790
0.211942 0.211942 0.576117
0.211942 0.211942 0.576116
0.438558 0.285592 0.275851
0.212482 0.212125 0.575392
0.211942 0.211942 0.576117
0.211942 0.211942 0.576117
0.212359 0.213513 0.574128
0.213022 0.216057 0.570921
0.211942 0.211942 0.576117
0.211942 0.211942 0.576117
0.230251 0.448260 0.321489
0.232558 0.368599 0.398844
0.213699 0.218705 0.567596
0.212877 0.215495 0.571628
0.211942 0.211942 0.576117
0.231854 0.346834 0.421312
0.211942 0.211942 0.576117
0.212175 0.212818 0.575007
0.569971 0.216717 0.213312
0.212057 0.212376 0.575567
0.214798 0.562067 0.223135
0.221290 0.525317 0.253393
0.230190 0.449076 0.320735
0.211942 0.211942 0.576117
0.213025 0.216069 0.570906
0.217277 0.233766 0.548958
0.500687 0.267082 0.232231
0.211942 0.211942 0.576116
0.212901 0.215590 0.571509
0.575975 0.212053 0.211971
0.213939 0.219658 0.566403
0.213061 0.216206 0.570733
0.231479 0.443998 0.324522
0.220245 0.247937 0.531818
0.227776 0.296373 0.475851
0.211942 0.211942 0.576117
0.212615 0.214489 0.572896
0.213965 0.219764 0.566271
0.211942 0.211943 0.576115
0.225755 0.280695 0.493550
0.213498 0.217913 0.568589
0.212194 0.212890 0.574916
0.211942 0.211942 0.576117
0.212174 0.212814 0.575013
0.213822 0.219193 0.566986
0.212403 0.213684 0.573912
0.215972 0.228052 0.555976
0.212214 0.212968 0.574818
0.211942 0.211942 0.576117
0.214144 0.220479 0.565378
0.214062 0.220149 0.565789
0.211942 0.211942 0.576117
0.211942 0.211942 0.576117
0.211942 0.211942 0.576117
0.221167 0.526096 0.252738
0.217081 0.232891 0.550028
0.216075 0.228491 0.555434
0.211942 0.211942 0.576117
0.212467 0.213924 0.573610
0.212692 0.214785 0.572523
0.211944 0.211942 0.576113
0.211942 0.211942 0.576117
0.211942 0.211942 0.576117
0.211942 0.211942 0.576117
0.211942 0.211942 0.576117
0.211942 0.211942 0.576117
0.212790 0.215160 0.572050
0.213151 0.216558 0.570290
0.211942 0.211942 0.576117
0.211942 0.211942 0.576117
0.211942 0.211942 0.576117
0.212693 0.214790 0.572517
0.212994 0.215946 0.571060
0.220233 0.247879 0.531887
0.214938 0.223143 0.561919
0.212647 0.214614 0.572739
0.211942 0.211942 0.576117
0.218382 0.238837 0.542782
0.216437 0.229996 0.553567
0.211942 0.211942 0.576116
0.211942 0.211942 0.576117
0.220104 0.247222 0.532674
0.214339 0.221265 0.564396
0.212745 0.575055 0.212200
0.211991 0.212128 0.575881
0.212299 0.213287 0.574414
0.211942 0.211942 0.576117
0.211942 0.211942 0.576117
0.211942 0.211942 0.576117
0.214333 0.221239 0.564428
0.212035 0.212292 0.575672
0.214101 0.220306 0.565594
0.212643 0.214599 0.572758
0.215080 0.224029 0.560891
0.211942 0.211942 0.576117
0.217529 0.234904 0.547567
0.211943 0.211942 0.576115
0.212630 0.214547 0.572823
0.212439 0.213817 0.573744
0.211942 0.211942 0.576117
0.572276 0.214981 0.212743
0.211942 0.211942 0.576117
0.213595 0.218296 0.568109
0.211942 0.211942 0.576117
0.217266 0.233717 0.549017
0.213894 0.219482 0.566624
0.216266 0.229197 0.554537
0.576116 0.211942 0.211942
0.567139 0.219070 0.213791
0.211942 0.211942 0.576117
0.213660 0.212397 0.573942
0.211942 0.211942 0.576117
0.213068 0.216234 0.570698
0.211942 0.211942 0.576117
0.212523 0.214139 0.573338
0.212276 0.213072 0.574651
0.211942 0.211942 0.576117
0.218903 0.241264 0.539832
0.213187 0.216697 0.570116
0.211969 0.212046 0.575984
0.222237 0.258591 0.519172
0.231387 0.337877 0.430737
0.215698 0.226884 0.557418
0.215080 0.224297 0.560623
0.212029 0.212269 0.575702
0.213986 0.219845 0.566170
0.215604 0.226283 0.558113
0.212754 0.215021 0.572225
0.213409 0.569126 0.217465
0.213577 0.218225 0.568198
0.211942 0.211942 0.576117
0.212196 0.212899 0.574905
0.217989 0.237008 0.545004
0.214040 0.220062 0.565898
0.212077 0.575475 0.212448
0.215751 0.227089 0.557160
0.211960 0.212012 0.576027
0.212280 0.213216 0.574504
0.212742 0.214977 0.572281
0.212865 0.215449 0.571686
0.323047 0.435085 0.241867
0.212153 0.212737 0.575109
0.228495 0.302790 0.468715
0.212005 0.212179 0.575816
0.211942 0.211942 0.576117
0.227197 0.215771 0.557032
0.211942 0.211942 0.576117
0.215139 0.224543 0.560318
0.211942 0.211943 0.576115
0.214014 0.219960 0.566026
0.211942 0.211942 0.576116
0.213463 0.217688 0.568849
0.212332 0.213412 0.574256
0.211942 0.211942 0.576117
0.211942 0.211942 0.576116
0.211942 0.211942 0.576117
0.211942 0.211942 0.576117
0.553131 0.230362 0.216507
0.213368 0.217402 0.569230
0.211944 0.211951 0.576106
0.212859 0.215428 0.571712
0.211942 0.211942 0.576117
0.213094 0.216334 0.570572
0.211942 0.211942 0.576117
0.211942 0.211942 0.576117
0.211942 0.211942 0.576117
0.211942 0.211942 0.576117
0.212084 0.575437 0.212478
0.211951 0.211976 0.576073
0.212974 0.215871 0.571155
0.212321 0.213370 0.574310
0.213483 0.217853 0.568665
0.214763 0.222936 0.562300
0.380827 0.386481 0.232692
0.212057 0.212375 0.575568
0.211942 0.211942 0.576117
0.213492 0.217891 0.568617
0.213366 0.217397 0.569237
0.211945 0.211955 0.576100
0.214376 0.221416 0.564207
0.213722 0.218796 0.567482
0.213984 0.219840 0.566175
0.216497 0.230318 0.553185
0.216113 0.565922 0.217966
0.215960 0.227999 0.556041
0.216126 0.228712 0.555162
0.214240 0.220867 0.564893
0.211942 0.211942 0.576117
0.213151 0.216556 0.570293
0.224724 0.273675 0.501601
0.211942 0.211942 0.576117
0.211942 0.211942 0.576117
0.224310 0.270955 0.504735
0.211942 0.211942 0.576117
0.211942 0.211942 0.576117
0.211943 0.211948 0.576109
0.576061 0.211983 0.211956
0.213598 0.218290 0.568112
0.211942 0.211942 0.576117
0.211942 0.211942 0.576117
0.224459 0.271951 0.503590
0.215636 0.226623 0.557741
0.212501 0.214057 0.573442
0.211942 0.211942 0.576117
0.229690 0.455399 0.314911
0.212036 0.212297 0.575667
0.211942 0.211942 0.576117
0.213261 0.216984 0.569756
0.225155 0.276547 0.498298
0.214576 0.222228 0.563196
0.214925 0.223658 0.561417
0.212153 0.212693 0.575154
0.214059 0.219718 0.566222
0.211942 0.211942 0.576117
0.211943 0.211945 0.576112
0.212025 0.212255 0.575720
0.212109 0.212570 0.575321
0.212808 0.215230 0.571962
0.214612 0.222375 0.563013
0.213582 0.218243 0.568175
0.212498 0.214045 0.573456
0.213653 0.218523 0.567825
0.212197 0.212903 0.574900
0.213514 0.217977 0.568509
0.222024 0.257403 0.520573
0.214603 0.222336 0.563061
0.214022 0.219991 0.565987
0.211942 0.211942 0.576117
0.211942 0.211942 0.576117
0.214722 0.222823 0.562454
0.211942 0.211942 0.576117
0.212469 0.213934 0.573597
0.212275 0.213195 0.574530
0.217048 0.232746 0.550205
0.213022 0.216058 0.570920
0.214643 0.222501 0.562856
0.215926 0.227855 0.556218
0.216169 0.228899 0.554932
0.214878 0.223462 0.561660
0.213500 0.568655 0.217845
0.211949 0.211968 0.576084
0.211942 0.211942 0.576117
0.211942 0.211942 0.576117
0.211942 0.211942 0.576117
0.211942 0.211942 0.576117
0.211970 0.212050 0.575980
0.211942 0.211942 0.576117
0.212521 0.214132 0.573347
0.211942 0.211942 0.576117
0.213233 0.216875 0.569892
0.212008 0.212191 0.575801
0.231329 0.336881 0.431790
0.218484 0.239317 0.542199
0.227802 0.296600 0.475597
0.213066 0.216226 0.570708
0.212138 0.212680 0.575182
0.224192 0.270123 0.505685
0.216681 0.213183 0.570137
0.211943 0.211946 0.576111
0.213130 0.216475 0.570396
0.214921 0.223638 0.561442
0.219914 0.244073 0.536012
0.212013 0.212209 0.575779
0.213888 0.219456 0.566656
0.576034 0.212007 0.211959
0.212762 0.215054 0.572183
0.212533 0.214179 0.573288
0.214583 0.222255 0.563162
0.212129 0.212646 0.575225
0.212309 0.213325 0.574366
0.213086 0.216303 0.570611
0.215632 0.226608 0.557760
0.212056 0.212371 0.575573
0.211952 0.211980 0.576069
0.215942 0.227924 0.556133
0.211942 0.211942 0.576117
0.451629 0.318378 0.229993
0.211942 0.211942 0.576117
0.212449 0.213857 0.573695
0.212257 0.213130 0.574613
0.212015 0.212217 0.575768
0.215225 0.224893 0.559882
0.212181 0.212841 0.574978
0.213772 0.218997 0.567231
0.221058 0.564632 0.214311
0.211943 0.211949 0.576108
0.211942 0.211943 0.576115
0.211948 0.211943 0.576108
0.214998 0.223958 0.561044
0.215247 0.224990 0.559764
0.212740 0.214969 0.572290
0.212044 0.211969 0.575986
0.212484 0.213991 0.573525
0.212479 0.213972 0.573548
0.212739 0.214964 0.572298
0.215890 0.227702 0.556407
0.222874 0.262236 0.514890
0.212314 0.213346 0.574339
0.211942 0.211942 0.576117
0.211942 0.211943 0.576115
0.227237 0.480865 0.291897
0.211942 0.211942 0.576117
0.211942 0.211942 0.576117
0.211964 0.212024 0.576013
0.216055 0.228405 0.555540
0.211942 0.211942 0.576117
0.219475 0.244090 0.536435
0.215412 0.225682 0.558906
0.211994 0.212138 0.575868
0.212752 0.572234 0.215014
0.213647 0.218500 0.567853
0.241230 0.538709 0.220061
0.211942 0.211942 0.576117
0.216233 0.229173 0.554594
0.211942 0.211942 0.576117
0.212255 0.213121 0.574624
0.215091 0.224344 0.560565
0.212912 0.215630 0.571458
0.232014 0.417555 0.350430
0.212742 0.572281 0.214977
0.214094 0.220280 0.565626
0.211963 0.212021 0.576016
0.211942 0.211942 0.576117
0.211942 0.211942 0.576117
0.213380 0.217349 0.569271
0.215439 0.225792 0.558769
0.215583 0.226397 0.558020
0.213345 0.217310 0.569345
0.211942 0.211942 0.576117
0.211942 0.211942 0.576117
0.217714 0.235745 0.546541
0.211942 0.211942 0.576117
0.211942 0.211942 0.576116
0.223306 0.264796 0.511898
0.213562 0.218164 0.568274
0.214262 0.218696 0.567042
0.223712 0.267215 0.509074
0.211942 0.211942 0.576117
0.211942 0.211942 0.576117
0.211942 0.211942 0.576117
0.211942 0.211942 0.576117
0.211955 0.211990 0.576055
0.214147 0.220415 0.565438
0.212058 0.212377 0.575565
0.213229 0.216860 0.569911
0.212868 0.215460 0.571673
0.211942 0.211942 0.576117
0.215978 0.228079 0.555942
0.211974 0.212062 0.575964
0.211942 0.211942 0.576117
0.211942 0.211942 0.576117
0.212947 0.215767 0.571285
0.211942 0.211942 0.576117
0.232564 0.398516 0.368920
0.230455 0.445676 0.323868
0.212800 0.215199 0.572002
0.211944 0.211943 0.576113
0.214409 0.221549 0.564042
0.212438 0.213814 0.573748
0.212104 0.211985 0.575911
0.211942 0.211942 0.576117
0.211942 0.211942 0.576117
0.212230 0.213026 0.574744
0.211942 0.211942 0.576117
0.212040 0.212311 0.575649
0.212325 0.213343 0.574332
0.212028 0.212263 0.575710
0.214469 0.221783 0.563749
0.232501 0.365677 0.401823
0.211942 0.211942 0.576117
0.211942 0.211942 0.576117
0.212407 0.213696 0.573898
0.213757 0.567307 0.218936
0.212068 0.212416 0.575515
0.213971 0.219789 0.566240
0.214458 0.221749 0.563793
0.212696 0.214799 0.572506
0.216463 0.230169 0.553368
0.213450 0.217724 0.568827
0.211942 0.211942 0.576117
0.222365 0.259320 0.518315
0.372411 0.394969 0.232619
0.211943 0.211948 0.576109
0.211942 0.211942 0.576117
0.216439 0.230064 0.553497
0.213579 0.218232 0.568189
0.213243 0.216916 0.569841
0.211969 0.212045 0.575986
0.212525 0.214147 0.573328
0.227342 0.292178 0.480480
0.232191 0.412899 0.354909
0.445762 0.243058 0.311180
0.211942 0.211942 0.576117
0.211998 0.212152 0.575851
0.212009 0.212194 0.575797
0.219983 0.246614 0.533402
0.214362 0.221357 0.564281
0.212139 0.212685 0.575176
0.211959 0.212007 0.576034
0.212175 0.575461 0.212365
0.213875 0.219403 0.566723
0.217963 0.236891 0.545146
0.212181 0.212842 0.574977
0.211990 0.212122 0.575888
0.216398 0.229886 0.553717
0.219751 0.245361 0.534888
0.211942 0.211942 0.576117
0.211942 0.211942 0.576117
0.211942 0.211942 0.576117
0.212133 0.212660 0.575208
0.220061 0.234847 0.545092
0.211942 0.211942 0.576116
0.211942 0.211942 0.576117
0.214156 0.220528 0.565316
0.212940 0.215740 0.571320
0.213147 0.216542 0.570310
0.211942 0.211942 0.576117
0.223450 0.265664 0.510886
0.214093 0.220277 0.565630
0.217448 0.234540 0.548011
0.212918 0.215654 0.571428
0.217692 0.235646 0.546662
0.211942 0.211942 0.576117
0.211942 0.211942 0.576117
0.212282 0.213225 0.574493
0.217364 0.234158 0.548478
0.211942 0.211942 0.576117
0.231326 0.336859 0.431815
0.573954 0.213651 0.212395
0.212013 0.212208 0.575780
0.220129 0.532522 0.247349
0.213449 0.217721 0.568830
0.215524 0.226152 0.558324
0.213786 0.219052 0.567162
0.227941 0.297800 0.474259
0.212855 0.215410 0.571735
0.213499 0.217918 0.568582
0.211942 0.211942 0.576117
0.212306 0.213316 0.574378
0.212294 0.213269 0.574436
0.525395 0.253328 0.221277
0.214697 0.222719 0.562585
0.223572 0.265924 0.510505
0.212314 0.213345 0.574341
0.213842 0.566883 0.219275
0.212629 0.214449 0.572922
0.213413 0.217579 0.569008
0.211942 0.211942 0.576117
0.211942 0.211942 0.576117
0.214278 0.221017 0.564705
0.229545 0.313317 0.457137
0.211942 0.211942 0.576117
0.219108 0.241053 0.539840
0.212312 0.213336 0.574353
0.215582 0.226395 0.558023
0.213276 0.217045 0.569678
0.212323 0.213379 0.574298
0.213885 0.219446 0.566669
0.211973 0.212060 0.575967
0.214761 0.222983 0.562255
0.212181 0.212840 0.574980
0.212148 0.212716 0.575136
0.214698 0.222725 0.562576
0.212046 0.212332 0.575622
0.211942 0.211942 0.576117
0.232650 0.392469 0.374882
0.213246 0.216926 0.569829
0.212576 0.214339 0.573085
0.212834 0.572430 0.214736
0.211969 0.212044 0.575987
0.211942 0.211942 0.576117
0.211944 0.211950 0.576106
0.214141 0.220467 0.565393
0.212832 0.215324 0.571844
0.211942 0.211942 0.576117
0.215712 0.226946 0.557342
0.213534 0.218055 0.568411
0.211943 0.211945 0.576112
0.211942 0.211942 0.576116
0.211942 0.211942 0.576117
0.211942 0.211942 0.576117
0.211960 0.212010 0.576030
0.214292 0.221074 0.564634
0.211942 0.211942 0.576117
0.218891 0.236994 0.544115
0.223094 0.263535 0.513371
0.212031 0.212277 0.575692
0.211987 0.212113 0.575900
0.213201 0.216752 0.570047
0.214012 0.219951 0.566037
0.217248 0.233624 0.549128
0.212018 0.212228 0.575754
0.217509 0.234816 0.547675
0.211942 0.211942 0.576117
0.214524 0.222014 0.563462
0.568313 0.218133 0.213554
0.211942 0.211942 0.576117
0.211942 0.211942 0.576117
0.211942 0.211942 0.576117
0.213606 0.218339 0.568055
0.213118 0.216430 0.570452
0.213898 0.219494 0.566608
0.229052 0.308172 0.462776
0.214217 0.220501 0.565282
0.215489 0.226002 0.558510
0.211948 0.211967 0.576085
0.224143 0.269938 0.505919
0.212659 0.214657 0.572685
0.218159 0.237721 0.544120
0.211942 0.211942 0.576117
0.218201 0.237993 0.543806
0.212452 0.213870 0.573678
0.217949 0.236823 0.545229
0.214229 0.220823 0.564948
0.212065 0.212407 0.575528
0.214108 0.220335 0.565557
0.211946 0.211943 0.576111
0.217844 0.236344 0.545812
0.211942 0.211942 0.576116
0.216883 0.232011 0.551107
0.217648 0.235444 0.546909
0.220111 0.247258 0.532631
0.212326 0.213391 0.574283
0.225273 0.277334 0.497393
0.212135 0.212669 0.575196
0.214928 0.223668 0.561405
0.216916 0.213243 0.569841
0.223035 0.263188 0.513777
0.223197 0.218088 0.558716
0.211942 0.211942 0.576117
0.211942 0.211942 0.576117
0.214931 0.564155 0.220914
0.212243 0.213074 0.574683
0.216685 0.231141 0.552174
0.226437 0.282983 0.490580
0.212440 0.213824 0.573735
0.216499 0.230328 0.553173
0.215316 0.224722 0.559962
0.215172 0.224608 0.560219
0.214278 0.221017 0.564705
0.212169 0.212798 0.575033
0.214024 0.219998 0.565978
0.212049 0.211970 0.575980
0.211942 0.211942 0.576117
0.211980 0.575990 0.212029
0.211942 0.211942 0.576117
0.215443 0.225810 0.558747
0.212961 0.215819 0.571220
0.213876 0.219407 0.566718
0.211942 0.211942 0.576117
0.214771 0.223024 0.562205
0.212206 0.212936 0.574858
0.212019 0.212228 0.575754
0.212453 0.212078 0.575469
0.212959 0.215809 0.571233
0.217750 0.235908 0.546342
0.211965 0.211948 0.576087
0.211955 0.211993 0.576052
0.216901 0.232092 0.551007
0.216825 0.231757 0.551418
0.211946 0.211958 0.576096
0.211942 0.211942 0.576117
0.212254 0.213116 0.574631
0.212608 0.214464 0.572928
0.224505 0.272249 0.503246
0.214689 0.222688 0.562622
0.211942 0.211942 0.576117
0.259230 0.517608 0.223162
0.213285 0.217080 0.569634
0.211942 0.211942 0.576116
0.214285 0.221045 0.564670
0.222424 0.259650 0.517927
0.211942 0.211942 0.576117
0.211942 0.211942 0.576117
0.218259 0.238263 0.543478
0.213606 0.218336 0.568058
0.212621 0.214514 0.572865
0.214085 0.220243 0.565672
0.212320 0.213366 0.574314
0.224076 0.269517 0.506407
0.213752 0.212421 0.573827
0.211942 0.211942 0.576117
0.211942 0.211942 0.576116
0.213056 0.216188 0.570755
0.211942 0.211942 0.576117
0.211942 0.211942 0.576117
0.220021 0.246802 0.533177
0.213991 0.219866 0.566143
0.211942 0.211942 0.576117
0.211953 0.211984 0.576063
0.214536 0.222064 0.563400
0.219178 0.242638 0.538184
0.211945 0.211955 0.576100
0.213632 0.218441 0.567927
0.212301 0.213294 0.574406
0.217113 0.231109 0.551778
0.211942 0.211942 0.576117
0.211942 0.211943 0.576114
0.213015 0.216029 0.570957
0.213644 0.218487 0.567869
0.215082 0.224303 0.560615
0.212992 0.215939 0.571070
0.212050 0.212348 0.575602
0.212088 0.575423 0.212490
0.211945 0.211943 0.576112
0.211942 0.211942 0.576117
0.212623 0.214519 0.572858
0.211942 0.211942 0.576117
0.213876 0.219404 0.566719
0.390841 0.376491 0.232668
0.211942 0.211942 0.576117
0.211983 0.212098 0.575919
0.215673 0.226779 0.557549
0.214799 0.223137 0.562064
0.211942 0.211942 0.576117
0.232113 0.352945 0.414942
0.211947 0.211961 0.576092
0.237121 0.544723 0.218155
0.222170 0.258220 0.519610
0.212989 0.215929 0.571082
0.212963 0.215829 0.571207
0.212304 0.213307 0.574389
0.211942 0.211942 0.576117
0.211942 0.211942 0.576117
0.213978 0.566211 0.219811
0.212022 0.212242 0.575736
0.214688 0.222685 0.562627
0.212318 0.213358 0.574325
0.216644 0.230948 0.552408
0.214422 0.221602 0.563976
0.211942 0.211942 0.576117
0.212623 0.214519 0.572858
0.213178 0.216663 0.570158
0.220399 0.247744 0.531858
0.212305 0.213309 0.574387
0.211943 0.211945 0.576112
0.461868 0.229140 0.308992
0.212135 0.211993 0.575872
0.447941 0.321784 0.230275
0.211942 0.211942 0.576117
0.212241 0.212720 0.575039
0.211943 0.211942 0.576114
0.212018 0.212094 0.575889
0.211945 0.211943 0.576112
0.213270 0.217019 0.569712
0.211942 0.211942 0.576117
0.223714 0.267269 0.509017
0.224221 0.270154 0.505625
0.211942 0.211942 0.576117
0.214355 0.221328 0.564317
0.211942 0.211942 0.576117
0.213012 0.216018 0.570970
0.215465 0.225753 0.558781
0.228362 0.301559 0.470079
0.211959 0.211946 0.576095
0.211942 0.211942 0.576117
0.211946 0.211943 0.576111
0.234837 0.239887 0.525275
0.211942 0.211942 0.576116
0.211942 0.211942 0.576117
0.211948 0.211966 0.576086
0.213498 0.217901 0.568600
0.212152 0.212733 0.575115
0.211945 0.211956 0.576099
0.212245 0.213084 0.574671
0.213955 0.219691 0.566354
0.215639 0.226633 0.557728
0.211942 0.211942 0.576117
0.211942 0.211942 0.576117
0.216364 0.229737 0.553899
0.211942 0.211942 0.576117
0.211942 0.211942 0.576117
0.212689 0.214772 0.572540
0.351141 0.369559 0.279301
0.215212 0.224847 0.559940
0.212386 0.213565 0.574049
0.211952 0.211982 0.576065
0.212099 0.212530 0.575371
0.211942 0.211942 0.576117
0.211942 0.211942 0.576117
0.211944 0.211942 0.576114
0.214105 0.220324 0.565571
0.211942 0.211942 0.576117
0.211942 0.211942 0.576117
0.216809 0.231685 0.551506
0.214385 0.221453 0.564161
0.570479 0.216409 0.213113
0.212569 0.214315 0.573115
0.212648 0.214618 0.572734
0.211942 0.211942 0.576117
0.215291 0.225174 0.559535
0.212988 0.215926 0.571085
0.212146 0.212711 0.575143
0.215090 0.224219 0.560692
0.214083 0.220235 0.565682
0.212407 0.213697 0.573896
0.211942 0.211942 0.576117
0.211942 0.211942 0.576117
0.213441 0.217662 0.568897
0.575574 0.212370 0.212056
0.212263 0.213152 0.574585
0.214070 0.220184 0.565746
0.219795 0.244399 0.535805
0.230017 0.318659 0.451324
0.220642 0.249979 0.529380
0.211954 0.211986 0.576060
0.212868 0.215460 0.571673
0.212440 0.213824 0.573735
0.212103 0.212547 0.575350
0.211942 0.211942 0.576117
0.218188 0.237916 0.543896
0.212093 0.212512 0.575395
0.213724 0.218805 0.567472
0.211942 0.211942 0.576116
0.213163 0.216564 0.570273
0.211944 0.211951 0.576106
0.212120 0.212613 0.575266
0.212158 0.212754 0.575089
0.211994 0.212140 0.575866
0.211942 0.211942 0.576117
0.221821 0.256199 0.521980
0.218612 0.239922 0.541466
0.211958 0.576097 0.211946
0.213257 0.216971 0.569772
0.213092 0.216305 0.570602
0.212343 0.213454 0.574203
0.211983 0.212098 0.575919
0.213518 0.217993 0.568489
0.211942 0.211942 0.576117
0.219176 0.242627 0.538197
0.231734 0.423936 0.344330
0.213144 0.216528 0.570328
0.213186 0.216694 0.570120
0.212175 0.212743 0.575082
0.212020 0.576017 0.211963
0.458901 0.241862 0.299236
0.213457 0.217752 0.568791
0.226656 0.274908 0.498435
0.212719 0.214887 0.572394
0.214348 0.221300 0.564352
0.212068 0.211975 0.575957
0.212358 0.213510 0.574132
0.268815 0.393104 0.338081
0.211945 0.211953 0.576102
0.218001 0.237043 0.544956
0.213216 0.216809 0.569975
0.215809 0.224393 0.559799
0.212241 0.213069 0.574690
0.216139 0.228770 0.555091
0.214020 0.219982 0.565998
0.211942 0.211942 0.576117
0.211942 0.211942 0.576116
0.211942 0.211942 0.576117
0.211942 0.211942 0.576117
0.217064 0.213282 0.569654
0.557496 0.215683 0.226821
0.213653 0.218523 0.567825
0.211942 0.211942 0.576117
0.211942 0.211942 0.576117
0.211942 0.211942 0.576117
0.213332 0.217262 0.569406
0.211942 0.211942 0.576117
0.213540 0.218075 0.568385
0.216631 0.230902 0.552468
0.212243 0.213077 0.574680
0.212178 0.212831 0.574991
0.219558 0.244494 0.535949
0.212037 0.212297 0.575666
0.215492 0.226017 0.558491
0.211942 0.211942 0.576117
0.212717 0.214882 0.572401
0.211942 0.211942 0.576117
0.211942 0.211942 0.576116
0.211942 0.211942 0.576117
0.212296 0.213275 0.574429
0.212358 0.213510 0.574132
0.212317 0.213357 0.574326
0.429407 0.324911 0.245682
0.212181 0.212840 0.574979
0.213755 0.218930 0.567315
0.212751 0.215012 0.572236
0.215809 0.227320 0.556872
0.218504 0.213648 0.567848
0.218494 0.239366 0.542140
0.575496 0.212432 0.212072
0.572881 0.214501 0.212618
0.212588 0.214387 0.573025
0.211953 0.211985 0.576062
0.211942 0.211942 0.576117
0.211942 0.211942 0.576117
0.211942 0.211942 0.576117
0.219666 0.535306 0.245028
0.212376 0.213578 0.574046
0.223582 0.521643 0.254775
0.232758 0.377044 0.390198
0.216276 0.226046 0.557678
0.213950 0.219701 0.566349
0.225846 0.281336 0.492818
0.226989 0.289753 0.483257
0.227124 0.270799 0.502077
0.223654 0.538641 0.237705
0.211942 0.211942 0.576117
0.211942 0.211942 0.576117
0.232864 0.382223 0.384913
0.211942 0.211942 0.576117
0.211942 0.211942 0.576117
0.211942 0.211942 0.576117
0.211942 0.211942 0.576117
0.215166 0.224655 0.560178
0.234872 0.337198 0.427930
0.217230 0.233558 0.549212
0.213253 0.216955 0.569792
0.213158 0.216583 0.570259
0.215688 0.226843 0.557469
0.213046 0.216148 0.570806
0.218010 0.237107 0.544883
0.211942 0.211942 0.576117
0.212874 0.215484 0.571643
0.212104 0.212550 0.575346
0.211958 0.212003 0.576039
0.213327 0.217241 0.569432
0.211942 0.211942 0.576117
0.211942 0.211942 0.576117
0.213074 0.216144 0.570781
0.211942 0.211942 0.576117
0.212432 0.213791 0.573777
0.212774 0.215101 0.572125
0.211942 0.211942 0.576117
0.212770 0.215085 0.572144
0.213188 0.570111 0.216701
0.214444 0.221687 0.563870
0.212104 0.212552 0.575344
0.224870 0.274639 0.500491
0.212488 0.214005 0.573507
0.212561 0.214285 0.573153
0.211942 0.211942 0.576117
0.211942 0.211942 0.576117
0.211942 0.211942 0.576117
0.217070 0.232843 0.550087
0.211943 0.211942 0.576115
0.215726 0.226903 0.557372
0.212903 0.212197 0.574899
0.575227 0.212644 0.212129
0.211942 0.211942 0.576117
0.211950 0.576103 0.211947
0.211942 0.211942 0.576117
0.212046 0.212335 0.575618
0.213169 0.216626 0.570205
0.212654 0.214639 0.572707
0.213321 0.217218 0.569460
0.217226 0.233539 0.549235
0.229760 0.315690 0.454550
0.211943 0.211948 0.576109
0.235420 0.331727 0.432853
0.211942 0.211942 0.576117
0.211953 0.211983 0.576065
0.211945 0.211955 0.576100
0.212156 0.212748 0.575096
0.214370 0.221392 0.564238
0.212490 0.214013 0.573497
0.212689 0.214772 0.572540
0.212235 0.213044 0.574721
0.219017 0.241858 0.539124
0.212439 0.213818 0.573743
0.220247 0.247950 0.531803
0.213210 0.216786 0.570004
0.215065 0.224236 0.560699
0.212053 0.212361 0.575586
0.214141 0.220468 0.565391
0.212262 0.213147 0.574591
0.223717 0.267288 0.508995
0.213594 0.218291 0.568115
0.212287 0.213243 0.574470
0.211942 0.211942 0.576117
0.218325 0.238572 0.543103
0.215265 0.225055 0.559680
0.212466 0.213920 0.573614
0.220592 0.529901 0.249507
0.212524 0.214141 0.573336
0.212300 0.213291 0.574409
0.212113 0.212586 0.575300
0.212879 0.215503 0.571618
0.217545 0.234979 0.547475
0.225554 0.279288 0.495158
0.222139 0.258045 0.519816
0.229804 0.316189 0.454007
0.213370 0.217412 0.569217
0.212364 0.213535 0.574101
0.213762 0.218956 0.567282
0.211942 0.211942 0.576117
0.212626 0.214533 0.572840
0.211942 0.211942 0.576117
0.212867 0.215456 0.571677
0.212235 0.213047 0.574718
0.211942 0.211943 0.576116
0.213195 0.216730 0.570075
0.217372 0.234193 0.548435
0.212212 0.212960 0.574827
0.211967 0.212038 0.575995
0.212277 0.213206 0.574516
0.213278 0.217052 0.569670
0.215611 0.226516 0.557874
0.212607 0.214461 0.572931
0.215160 0.224629 0.560212
0.211942 0.211942 0.576117
0.571755 0.215394 0.212851
0.213072 0.216251 0.570677
0.213423 0.217619 0.568958
0.229789 0.454187 0.316024
0.238801 0.291854 0.469345
0.212141 0.212692 0.575167
0.216859 0.231909 0.551232
0.218826 0.240939 0.540235
0.215943 0.227928 0.556129
0.211946 0.211943 0.576111
0.215413 0.225640 0.558947
0.212342 0.213452 0.574206
0.215625 0.226447 0.557929
0.212475 0.213957 0.573568
0.212720 0.214893 0.572386
0.213452 0.217734 0.568813
0.224746 0.273816 0.501438
0.217149 0.233195 0.549656
0.575857 0.212147 0.211996
0.212020 0.212236 0.575744
0.213532 0.218048 0.568420
0.212694 0.214794 0.572512
