-21.017613 11.158947 11.262895
1.454752 -0.516347 0.115010
0.988359 -6.763322 6.730013
3.597133 -7.905783 6.042527
5.105892 -4.941284 1.481289
2.362853 -2.182064 1.700204
1.958118 0.695339 -0.630275
-3.515118 -6.748422 11.473036
1.157794 -0.921290 1.564899
-0.037119 -0.943252 1.929780
-1.381007 2.179796 -0.389961
0.493157 -1.205289 1.673714
-9.202913 -1.749203 12.668533
4.492354 6.865736 -10.325924
-0.947832 0.808407 0.627819
0.396825 -0.574775 0.564299
0.529287 -2.164039 2.666134
2.525542 9.177006 -10.469424
0.433846 -0.918821 1.994045
15.357054 -2.408732 -11.092793
0.550838 -1.168666 2.449166
-0.124700 -0.346647 1.235690
1.613351 -6.241489 6.099830
0.619331 -2.299295 2.926653
-5.037111 -6.798248 13.696353
