-2.677221
0.977506
-3.526027
-3.143503
-1.206182
-3.855720
-2.438492
-2.266301
-2.435171
-3.642721
-3.617896
-3.878545
-1.329874
-2.880507
-2.984774
-3.108385
-3.606795
-3.085677
-3.467829
-2.840114
-3.619255
-2.476479
-3.401769
-3.433747
-3.414689
-2.508006
0.615298
-2.913091
-3.148558
-4.397147
-2.785910
-2.919923
-3.192603
-2.659438
-3.063322
-2.796565
-3.299804
-3.120139
-3.778460
-2.488225
-3.595601
-3.116742
-1.702409
-3.325043
-2.618556
-3.827144
-2.396285
-3.439741
-3.233130
-2.243344
-2.837121
-2.994293
-7.756122
-2.304498
-3.400418
-2.722207
-1.778190
-2.410180
-2.876987
-5.474723
-3.231980
-3.188758
-5.120026
-2.416873
-3.628893
-6.331273
-0.519760
-3.625575
-2.121540
-4.423523
-3.173929
-3.260491
-3.058895
-2.670120
-3.015944
