0.213054 0.216179 0.570768
0.211962 0.212018 0.576020
0.211942 0.211942 0.576117
0.211965 0.212030 0.576005
0.211942 0.211942 0.576116
0.211967 0.212035 0.575998
0.211959 0.212009 0.576032
0.211978 0.212079 0.575943
0.211952 0.211981 0.576067
0.212090 0.212499 0.575411
0.575944 0.212078 0.211978
0.211942 0.211942 0.576117
0.211964 0.212024 0.576013
0.212795 0.215181 0.572024
0.211966 0.212032 0.576002
0.211973 0.212058 0.575970
0.211942 0.211942 0.576117
0.211942 0.211942 0.576117
0.211942 0.211942 0.576117
0.211968 0.212040 0.575993
0.211978 0.212079 0.575942
0.211962 0.212017 0.576022
0.215376 0.225532 0.559092
0.211944 0.211952 0.576103
0.211943 0.211948 0.576109
0.211942 0.211943 0.576115
0.224802 0.559997 0.215202
0.211975 0.575956 0.212068
0.213468 0.217791 0.568741
0.211942 0.211942 0.576116
0.211942 0.211942 0.576117
0.211942 0.211942 0.576117
0.211942 0.211942 0.576117
0.211970 0.212048 0.575981
0.211956 0.211997 0.576046
0.212011 0.212202 0.575787
0.211942 0.211942 0.576117
0.211942 0.211942 0.576117
0.211978 0.212077 0.575945
0.223705 0.228263 0.548032
0.211943 0.211945 0.576112
0.212296 0.213276 0.574428
0.211950 0.211972 0.576078
0.211945 0.211956 0.576099
0.211944 0.211949 0.576107
0.211954 0.211990 0.576056
0.212004 0.212177 0.575819
0.211999 0.212156 0.575846
0.211987 0.212111 0.575902
0.212110 0.212519 0.575372
0.211954 0.211990 0.576056
0.211949 0.211969 0.576082
0.211974 0.212062 0.575964
0.211982 0.212093 0.575925
0.282668 0.491302 0.226030
0.211942 0.211942 0.576117
0.232626 0.394444 0.372930
0.211942 0.211942 0.576117
0.211942 0.211942 0.576116
0.212001 0.212165 0.575834
0.211947 0.211962 0.576090
0.211991 0.212128 0.575881
0.211942 0.211944 0.576113
0.211942 0.211942 0.576117
0.211963 0.212021 0.576016
0.211956 0.211996 0.576048
0.211945 0.211953 0.576102
0.211945 0.211953 0.576102
0.212535 0.573279 0.214186
0.220618 0.565204 0.214178
0.212351 0.213439 0.574210
0.211942 0.211942 0.576117
0.211942 0.211942 0.576117
0.211942 0.211942 0.576117
0.211942 0.211942 0.576117
0.211979 0.212081 0.575940
0.211942 0.211943 0.576115
0.211942 0.211942 0.576116
0.211942 0.211942 0.576117
0.211976 0.212072 0.575951
0.211942 0.211942 0.576117
0.214268 0.212557 0.573175
0.212963 0.212213 0.574824
0.211950 0.211975 0.576074
0.211974 0.212064 0.575962
0.211954 0.211987 0.576059
0.211963 0.212023 0.576014
0.211963 0.212023 0.576013
0.212140 0.212689 0.575171
0.211984 0.212102 0.575914
0.573065 0.214355 0.212580
0.211942 0.211942 0.576117
0.211944 0.211951 0.576104
0.211942 0.211942 0.576117
0.211942 0.211943 0.576115
0.211942 0.211942 0.576117
0.211942 0.211942 0.576117
0.213698 0.212408 0.573893
0.211990 0.211957 0.576052
0.211960 0.212011 0.576029
0.211942 0.211942 0.576117
0.212156 0.212712 0.575131
0.211942 0.211942 0.576117
0.212038 0.212302 0.575660
0.211973 0.212058 0.575970
0.212035 0.212290 0.575676
0.211957 0.211998 0.576045
0.211942 0.576117 0.211942
0.212118 0.212592 0.575290
0.211980 0.212084 0.575936
0.212115 0.212594 0.575290
0.212041 0.212299 0.575660
0.211949 0.211969 0.576081
0.212008 0.212192 0.575800
0.211949 0.211968 0.576083
0.211947 0.211963 0.576090
0.212205 0.212932 0.574863
0.211950 0.211973 0.576078
0.211990 0.212122 0.575888
0.211946 0.211957 0.576098
0.211966 0.212033 0.576001
0.211942 0.211942 0.576117
0.212287 0.212034 0.575679
0.211959 0.212006 0.576036
0.211962 0.212019 0.576018
0.213872 0.219394 0.566734
0.211955 0.211992 0.576053
0.213634 0.213036 0.573330
0.211945 0.211953 0.576102
0.211975 0.212069 0.575956
0.211962 0.212017 0.576021
0.211971 0.212053 0.575976
0.212101 0.212542 0.575357
0.212020 0.212234 0.575746
0.211942 0.211942 0.576117
0.228647 0.304216 0.467137
0.576045 0.211998 0.211957
0.211985 0.212103 0.575912
0.211999 0.212156 0.575846
0.211997 0.212149 0.575854
0.211953 0.211983 0.576065
0.211942 0.211942 0.576117
0.211945 0.211956 0.576099
0.213978 0.219817 0.566205
0.211964 0.212025 0.576011
0.211983 0.212095 0.575922
0.212197 0.212902 0.574901
0.231875 0.347020 0.421105
0.212117 0.212599 0.575284
0.212382 0.213537 0.574081
0.211974 0.212063 0.575963
0.212109 0.212572 0.575318
0.211960 0.212010 0.576030
0.211982 0.212093 0.575925
0.211942 0.211942 0.576117
0.211992 0.212130 0.575878
0.222325 0.259058 0.518618
0.211944 0.211951 0.576105
0.211944 0.211952 0.576104
0.212046 0.212335 0.575618
0.211942 0.211942 0.576117
0.212005 0.212179 0.575816
0.211942 0.211942 0.576117
0.211960 0.212012 0.576028
0.211972 0.212057 0.575971
0.211946 0.211957 0.576097
0.212534 0.214180 0.573286
0.570373 0.216493 0.213135
0.212081 0.212466 0.575453
0.211942 0.211942 0.576117
0.212079 0.212422 0.575499
0.575301 0.212586 0.212113
0.211980 0.212085 0.575935
0.212263 0.213152 0.574585
0.211942 0.211942 0.576117
0.212775 0.215102 0.572123
0.576074 0.211975 0.211951
0.211978 0.212080 0.575942
0.211955 0.211993 0.576051
0.211974 0.212063 0.575963
0.211942 0.211943 0.576114
0.211993 0.212134 0.575873
0.211964 0.212027 0.576009
0.211988 0.212115 0.575897
0.211983 0.212098 0.575918
0.211972 0.212057 0.575971
0.211953 0.211984 0.576063
0.212014 0.212213 0.575773
0.211942 0.211942 0.576117
0.212702 0.214824 0.572474
0.211992 0.212133 0.575875
0.211977 0.212075 0.575948
0.212351 0.212962 0.574687
0.211950 0.211973 0.576077
0.223086 0.263488 0.513426
0.211953 0.211983 0.576064
0.212924 0.215679 0.571397
0.211963 0.212021 0.576016
0.211942 0.211942 0.576117
0.211982 0.212092 0.575927
0.211986 0.212009 0.576005
0.211993 0.212134 0.575873
0.217823 0.233859 0.548318
0.211967 0.212037 0.575996
0.211959 0.212007 0.576034
0.211942 0.211944 0.576114
0.211956 0.211995 0.576049
0.211942 0.211945 0.576113
0.211942 0.211942 0.576117
0.211942 0.211942 0.576117
0.211942 0.211942 0.576117
0.211942 0.211942 0.576117
0.212013 0.212208 0.575779
0.211961 0.212015 0.576023
0.211942 0.211942 0.576117
0.211942 0.211942 0.576117
0.211949 0.211968 0.576084
0.211942 0.211942 0.576117
0.211942 0.211942 0.576116
0.211985 0.212103 0.575912
0.211964 0.212026 0.576009
0.211965 0.212031 0.576004
0.212000 0.212160 0.575840
0.212132 0.212656 0.575212
0.211942 0.211942 0.576117
0.212016 0.212220 0.575764
0.211942 0.211942 0.576117
0.211942 0.211942 0.576117
0.211955 0.211993 0.576052
0.211944 0.211952 0.576104
0.211957 0.212000 0.576042
0.211968 0.212040 0.575993
0.211945 0.211954 0.576102
0.211943 0.211946 0.576111
0.214691 0.222651 0.562658
0.576054 0.211991 0.211955
0.211963 0.212020 0.576017
0.211943 0.211948 0.576108
0.212126 0.212633 0.575242
0.212075 0.212443 0.575482
0.211995 0.212141 0.575864
0.211942 0.211942 0.576117
0.212007 0.212187 0.575805
0.211942 0.211942 0.576117
0.212134 0.212665 0.575201
0.211942 0.211942 0.576117
0.211942 0.211942 0.576117
0.211950 0.211973 0.576077
0.212205 0.212933 0.574861
0.212423 0.213758 0.573819
0.211968 0.212042 0.575990
0.212057 0.212376 0.575566
0.212212 0.212959 0.574829
0.211942 0.211942 0.576117
0.211942 0.211942 0.576117
0.211942 0.211942 0.576117
0.211942 0.211942 0.576117
0.211942 0.211942 0.576117
0.211994 0.212137 0.575869
0.212025 0.212256 0.575719
0.212012 0.212205 0.575783
0.212069 0.212418 0.575513
0.212019 0.212233 0.575748
0.211942 0.211942 0.576117
0.212060 0.212103 0.575837
0.211942 0.211942 0.576117
0.214236 0.220849 0.564915
0.211955 0.211992 0.576052
0.212006 0.212182 0.575813
0.212004 0.212174 0.575823
0.211943 0.211948 0.576108
0.211954 0.211989 0.576057
0.211951 0.211978 0.576071
0.211983 0.212096 0.575922
0.211968 0.212041 0.575990
0.211959 0.212006 0.576035
0.211967 0.212036 0.575997
0.212265 0.212028 0.575707
0.212038 0.212303 0.575659
0.211976 0.212072 0.575952
0.213193 0.212276 0.574531
0.211961 0.212013 0.576027
0.214381 0.564184 0.221435
0.211988 0.212117 0.575895
0.211945 0.211953 0.576102
0.211955 0.211992 0.576053
0.216454 0.230132 0.553414
0.212002 0.212169 0.575828
0.211944 0.211950 0.576106
0.211965 0.212029 0.576006
0.211942 0.211942 0.576117
0.211951 0.211977 0.576071
0.211943 0.211946 0.576111
0.211970 0.212047 0.575983
0.211942 0.211943 0.576115
0.211942 0.211942 0.576117
0.211949 0.211968 0.576083
0.211942 0.211942 0.576117
0.211943 0.211947 0.576109
0.211981 0.212091 0.575928
0.212071 0.212428 0.575501
0.211955 0.211990 0.576055
0.211946 0.211957 0.576098
0.211963 0.212021 0.576016
0.576116 0.211942 0.211942
0.211942 0.211942 0.576117
0.211943 0.211948 0.576108
0.213715 0.218769 0.567516
0.211942 0.211942 0.576117
0.212013 0.212208 0.575780
0.211952 0.211982 0.576066
0.211942 0.211942 0.576117
0.211942 0.211942 0.576117
0.211947 0.211962 0.576091
0.211942 0.211942 0.576117
0.212600 0.214432 0.572968
0.211962 0.212018 0.576020
0.211993 0.212133 0.575874
0.211943 0.211947 0.576109
0.212058 0.212378 0.575564
0.212066 0.212408 0.575527
0.213479 0.217839 0.568681
0.211954 0.211987 0.576059
0.212036 0.212295 0.575669
0.211988 0.212115 0.575898
0.212075 0.212409 0.575516
0.212005 0.212179 0.575817
0.212155 0.212745 0.575100
0.211942 0.211942 0.576117
0.212014 0.212213 0.575773
0.211950 0.211975 0.576074
0.211951 0.211976 0.576074
0.211942 0.211942 0.576117
0.211948 0.211967 0.576085
0.211942 0.211942 0.576117
0.211964 0.212026 0.576010
0.212026 0.212258 0.575716
0.211945 0.211956 0.576099
0.211970 0.212049 0.575981
0.211981 0.212088 0.575931
0.213581 0.218234 0.568186
0.211943 0.211946 0.576111
0.480933 0.291837 0.227230
0.211942 0.211942 0.576117
0.211991 0.212128 0.575881
0.211982 0.212093 0.575925
0.211959 0.212007 0.576035
0.211943 0.211948 0.576109
0.212987 0.215920 0.571093
0.212410 0.213710 0.573879
0.212003 0.212172 0.575825
0.211958 0.212004 0.576038
0.212108 0.212565 0.575327
0.212007 0.212186 0.575807
0.212022 0.212241 0.575737
0.211956 0.211994 0.576050
0.211971 0.212052 0.575976
0.211967 0.212037 0.575996
0.211983 0.212098 0.575919
0.211996 0.212145 0.575860
0.233150 0.392136 0.374714
0.211978 0.212078 0.575944
0.211968 0.212040 0.575992
0.212040 0.212310 0.575650
0.211942 0.211943 0.576116
0.211942 0.211942 0.576117
0.212039 0.212306 0.575655
0.211980 0.212085 0.575935
0.211946 0.211957 0.576098
0.212069 0.212419 0.575511
0.211967 0.212037 0.575996
0.211944 0.211951 0.576105
0.211988 0.212116 0.575895
0.211942 0.211942 0.576117
0.211958 0.212003 0.576040
0.211974 0.212063 0.575963
0.443519 0.230592 0.325889
0.211951 0.211976 0.576073
0.212681 0.214741 0.572578
0.211945 0.211954 0.576101
0.211945 0.211955 0.576099
0.211964 0.212025 0.576012
0.211942 0.211942 0.576117
0.211942 0.576116 0.211942
0.212004 0.212174 0.575823
0.211949 0.211968 0.576084
0.211942 0.211942 0.576117
0.211974 0.212061 0.575965
0.211997 0.212148 0.575856
0.211943 0.211947 0.576110
0.213324 0.217232 0.569443
0.211977 0.212073 0.575951
0.211970 0.212049 0.575981
0.211942 0.211942 0.576117
0.211942 0.211942 0.576117
0.211966 0.212033 0.576001
0.211944 0.211948 0.576108
0.211942 0.211942 0.576117
0.211983 0.212097 0.575920
0.212106 0.212558 0.575337
0.211947 0.211960 0.576093
0.211968 0.212039 0.575993
0.212133 0.212661 0.575206
0.211959 0.212008 0.576033
0.211976 0.212071 0.575953
0.211957 0.211998 0.576045
0.212416 0.575464 0.212121
0.211942 0.211942 0.576117
0.211942 0.211942 0.576117
0.211989 0.212119 0.575892
0.211966 0.212033 0.576001
0.211944 0.211950 0.576106
0.211961 0.212014 0.576025
0.575985 0.212046 0.211969
0.212000 0.212160 0.575840
0.211942 0.211942 0.576117
0.212269 0.213174 0.574557
0.211967 0.212038 0.575994
0.212453 0.213873 0.573674
0.211944 0.211952 0.576104
0.211953 0.211986 0.576061
0.211942 0.211942 0.576117
0.211943 0.211945 0.576112
0.211942 0.211943 0.576115
0.211944 0.211950 0.576106
0.223822 0.267854 0.508324
0.212177 0.212828 0.574995
0.211942 0.211942 0.576117
0.211967 0.212036 0.575997
0.212060 0.212387 0.575553
0.211963 0.212023 0.576014
0.211942 0.211942 0.576116
0.211970 0.212047 0.575984
0.211942 0.211942 0.576117
0.211944 0.211949 0.576107
0.212333 0.213417 0.574249
0.212117 0.212600 0.575283
0.211944 0.211950 0.576107
0.212202 0.212922 0.574876
0.212062 0.212395 0.575543
0.211942 0.211942 0.576117
0.211978 0.212076 0.575946
0.211942 0.211942 0.576117
0.212755 0.215027 0.572218
0.212165 0.212780 0.575055
0.213135 0.216494 0.570371
0.211952 0.211980 0.576069
0.214503 0.221928 0.563569
0.212062 0.212393 0.575545
0.211942 0.211942 0.576117
0.211946 0.211959 0.576095
0.211951 0.211976 0.576073
0.211963 0.212023 0.576014
0.212455 0.213878 0.573667
0.211953 0.211985 0.576062
0.212079 0.212458 0.575463
0.211957 0.212000 0.576043
0.211982 0.212093 0.575925
0.211942 0.211942 0.576117
0.212051 0.212351 0.575598
0.212106 0.212559 0.575335
0.211942 0.211942 0.576117
0.212140 0.212689 0.575171
0.214714 0.222791 0.562494
0.211950 0.211974 0.576076
0.211989 0.212118 0.575894
0.212685 0.214564 0.572750
0.211982 0.212094 0.575924
0.211942 0.211945 0.576112
0.212040 0.212312 0.575648
0.211950 0.211971 0.576079
0.211982 0.212093 0.575925
0.211952 0.211982 0.576065
0.211955 0.211991 0.576054
0.211942 0.211942 0.576117
0.211942 0.211942 0.576117
0.211942 0.211942 0.576117
0.211942 0.211942 0.576117
0.211942 0.211942 0.576117
0.229811 0.216381 0.553808
0.211942 0.211942 0.576117
0.211984 0.212099 0.575917
0.211953 0.211983 0.576065
0.211942 0.211942 0.576117
0.211969 0.212046 0.575985
0.211971 0.212052 0.575977
0.211985 0.212104 0.575911
0.212004 0.212176 0.575820
0.211956 0.211995 0.576049
0.212061 0.212338 0.575601
0.211942 0.211942 0.576117
0.212136 0.212672 0.575192
0.211942 0.211942 0.576117
0.211974 0.212064 0.575962
0.211963 0.212024 0.576013
0.214106 0.220329 0.565565
0.211993 0.212133 0.575875
0.211974 0.212063 0.575963
0.212005 0.212180 0.575814
0.211955 0.211991 0.576054
0.211949 0.211970 0.576081
0.575837 0.212162 0.212002
0.213215 0.216805 0.569981
0.211960 0.212009 0.576031
0.222969 0.262797 0.514234
0.212136 0.212672 0.575193
0.211942 0.211942 0.576117
0.211948 0.211964 0.576088
0.211968 0.212042 0.575989
0.211956 0.211995 0.576049
0.211942 0.211942 0.576117
0.211946 0.211956 0.576098
0.212039 0.212303 0.575658
0.211942 0.211942 0.576117
0.211942 0.211945 0.576113
0.211985 0.212105 0.575910
0.212202 0.212921 0.574877
0.211952 0.211980 0.576068
0.211942 0.211942 0.576117
0.212071 0.212425 0.575504
0.211942 0.211942 0.576116
0.211942 0.211942 0.576117
0.211942 0.211942 0.576117
0.211996 0.212147 0.575857
0.212007 0.212187 0.575806
0.211967 0.212038 0.575995
0.212021 0.212240 0.575739
0.212076 0.212444 0.575481
0.211972 0.212056 0.575972
0.576038 0.212004 0.211958
0.211942 0.211942 0.576117
0.211956 0.211995 0.576049
0.211988 0.212115 0.575898
0.212012 0.212207 0.575781
0.211942 0.211943 0.576116
0.211965 0.212031 0.576004
0.212876 0.215494 0.571630
0.211961 0.212016 0.576023
0.212038 0.212303 0.575659
0.212003 0.212171 0.575827
0.211942 0.211942 0.576117
0.211986 0.212107 0.575907
0.211942 0.211942 0.576117
0.211958 0.212004 0.576038
0.211997 0.212150 0.575852
0.211971 0.212054 0.575975
0.211977 0.212074 0.575948
0.211948 0.211966 0.576086
0.212132 0.212656 0.575212
0.211969 0.212046 0.575985
0.213487 0.217871 0.568642
0.212294 0.213269 0.574436
0.211979 0.212081 0.575940
0.211963 0.211947 0.576089
0.211960 0.212009 0.576031
0.213753 0.218573 0.567675
0.211952 0.211980 0.576068
0.211946 0.211958 0.576096
0.211956 0.211997 0.576047
0.211973 0.212060 0.575967
0.211985 0.212105 0.575910
0.211942 0.211942 0.576117
0.211946 0.211958 0.576096
0.212226 0.213012 0.574762
0.211942 0.211942 0.576117
0.211974 0.212063 0.575964
0.212077 0.212451 0.575472
0.212012 0.212206 0.575782
0.212006 0.212184 0.575810
0.211964 0.212027 0.576009
0.211965 0.212028 0.576007
0.211942 0.211942 0.576117
0.526364 0.221124 0.252512
0.575498 0.212072 0.212430
0.211942 0.211942 0.576117
0.211942 0.211942 0.576117
0.211942 0.211942 0.576117
0.211942 0.211942 0.576117
0.211942 0.211942 0.576117
0.211942 0.211942 0.576117
0.211964 0.212017 0.576019
0.211947 0.211961 0.576092
0.211978 0.212076 0.575946
0.212027 0.212262 0.575711
0.211951 0.211977 0.576072
0.211984 0.212100 0.575916
0.211942 0.211942 0.576117
0.212180 0.212837 0.574983
0.216277 0.229357 0.554366
0.211948 0.211966 0.576086
0.211949 0.211971 0.576079
0.212016 0.212219 0.575765
0.211982 0.212092 0.575927
0.211942 0.211942 0.576117
0.211942 0.211942 0.576117
0.211970 0.212049 0.575981
0.211943 0.211946 0.576112
0.211942 0.211942 0.576117
0.212049 0.212346 0.575605
0.212099 0.212531 0.575370
0.211943 0.211946 0.576111
0.212010 0.212199 0.575790
0.211978 0.212078 0.575944
0.211982 0.212092 0.575926
0.216013 0.228111 0.555876
0.211984 0.212100 0.575916
0.212036 0.212296 0.575668
0.211942 0.211942 0.576117
0.212075 0.212441 0.575484
0.211942 0.211942 0.576117
0.211947 0.211961 0.576092
0.211985 0.212105 0.575910
0.212013 0.212209 0.575779
0.211984 0.212101 0.575915
0.211945 0.211956 0.576099
0.211967 0.212037 0.575996
0.212031 0.212277 0.575691
0.211942 0.211942 0.576117
0.211994 0.212139 0.575867
0.211988 0.212114 0.575898
0.211963 0.212023 0.576013
0.211942 0.211942 0.576117
0.211969 0.212043 0.575989
0.211944 0.576114 0.211942
0.212749 0.215005 0.572246
0.212056 0.212369 0.575575
0.212053 0.212358 0.575590
0.212007 0.212188 0.575804
0.574003 0.213613 0.212385
0.211979 0.212081 0.575940
0.211942 0.211942 0.576117
0.211978 0.212079 0.575943
0.211942 0.211942 0.576117
0.211950 0.211972 0.576078
0.212001 0.212163 0.575836
0.211969 0.212044 0.575987
0.211965 0.212029 0.576006
0.211942 0.211942 0.576116
0.212157 0.212750 0.575093
0.211990 0.212125 0.575885
0.211962 0.212019 0.576018
0.211972 0.212055 0.575973
0.211954 0.211990 0.576056
0.211942 0.211942 0.576117
0.211942 0.211942 0.576117
0.211965 0.212028 0.576007
0.211942 0.211942 0.576117
0.576116 0.211942 0.211942
0.211942 0.211942 0.576116
0.211942 0.211942 0.576117
0.211942 0.211942 0.576117
0.211942 0.211942 0.576117
0.211942 0.211942 0.576117
0.211942 0.211942 0.576117
0.211987 0.212113 0.575900
0.211951 0.211978 0.576071
0.211942 0.211942 0.576117
0.211977 0.212076 0.575947
0.212036 0.212295 0.575669
0.211997 0.212151 0.575851
0.212194 0.212891 0.574915
0.212048 0.212340 0.575613
0.212097 0.212527 0.575376
0.212257 0.213128 0.574616
0.211942 0.211942 0.576117
0.211996 0.212145 0.575860
0.211987 0.212113 0.575900
0.576057 0.211989 0.211954
0.211942 0.211942 0.576117
0.211958 0.212005 0.576037
0.211969 0.212011 0.576020
0.211963 0.212023 0.576014
0.212357 0.213507 0.574136
0.211959 0.212008 0.576033
0.211942 0.211942 0.576117
0.232099 0.352580 0.415321
0.211943 0.211942 0.576115
0.211947 0.211963 0.576090
0.220107 0.243824 0.536069
0.211942 0.211942 0.576117
0.211942 0.211942 0.576117
0.211967 0.212036 0.575997
0.211943 0.211946 0.576111
0.211969 0.212044 0.575987
0.211956 0.211997 0.576046
0.212035 0.212292 0.575673
0.211942 0.211942 0.576117
0.211990 0.212124 0.575886
0.211971 0.212051 0.575978
0.211989 0.212119 0.575892
0.211943 0.211942 0.576116
0.212005 0.212179 0.575816
0.211942 0.211942 0.576117
0.211942 0.211942 0.576117
0.211963 0.212020 0.576017
0.211948 0.211966 0.576085
0.211943 0.211945 0.576112
0.211962 0.212017 0.576022
0.213494 0.217896 0.568610
0.211953 0.211984 0.576064
0.212949 0.215772 0.571279
0.211942 0.211942 0.576117
0.211942 0.211943 0.576114
0.211950 0.211973 0.576077
0.212073 0.212437 0.575490
0.211942 0.211942 0.576117
0.211942 0.211942 0.576117
0.576115 0.211943 0.211942
0.212624 0.214505 0.572871
0.211950 0.211975 0.576075
0.211942 0.211942 0.576117
0.211942 0.211942 0.576117
0.211946 0.211957 0.576097
0.211985 0.212104 0.575911
0.211990 0.212123 0.575888
0.211945 0.211956 0.576099
0.211952 0.211980 0.576068
0.211943 0.211948 0.576109
0.211944 0.211952 0.576104
0.212018 0.212229 0.575753
0.211980 0.212085 0.575936
0.211959 0.212008 0.576032
0.211942 0.211942 0.576117
0.212106 0.212558 0.575336
0.211973 0.212058 0.575969
0.212014 0.212215 0.575771
0.211970 0.212049 0.575981
0.211993 0.212133 0.575875
0.212029 0.212270 0.575701
0.212006 0.212184 0.575810
0.211942 0.211942 0.576117
0.211943 0.211947 0.576110
0.211991 0.212128 0.575881
0.211942 0.211944 0.576114
0.212846 0.215375 0.571779
0.212108 0.212567 0.575325
0.211946 0.211958 0.576096
0.211989 0.212120 0.575891
0.211972 0.212054 0.575974
0.211964 0.212027 0.576008
0.211942 0.211943 0.576115
0.576117 0.211942 0.211942
0.211942 0.211942 0.576117
0.211942 0.211942 0.576117
0.211942 0.211942 0.576117
0.211942 0.211942 0.576117
0.212043 0.212324 0.575633
0.211984 0.212100 0.575916
0.212016 0.212222 0.575761
0.212026 0.212231 0.575743
0.211942 0.211942 0.576117
0.211942 0.211942 0.576117
0.211971 0.212053 0.575976
0.211968 0.212042 0.575990
0.212023 0.212248 0.575728
0.211984 0.212099 0.575918
0.211942 0.211942 0.576116
0.211945 0.211954 0.576101
0.211948 0.211966 0.576085
0.212123 0.212622 0.575256
0.212059 0.212381 0.575561
0.211970 0.212049 0.575981
0.211987 0.212111 0.575902
0.211942 0.211942 0.576117
0.211985 0.212088 0.575927
0.211948 0.211966 0.576086
0.211942 0.211942 0.576117
0.211983 0.212096 0.575921
0.212140 0.212689 0.575171
0.211994 0.212139 0.575867
0.211985 0.576062 0.211953
0.211949 0.211968 0.576083
0.211942 0.211942 0.576116
0.211992 0.212132 0.575875
0.211968 0.212041 0.575991
0.211998 0.212154 0.575848
0.211956 0.211994 0.576050
0.216691 0.213186 0.570123
0.211951 0.211978 0.576071
0.212023 0.212243 0.575734
0.211970 0.212047 0.575983
0.211951 0.211978 0.576071
0.211955 0.211993 0.576052
0.211952 0.211980 0.576068
0.215739 0.212947 0.571314
0.211979 0.212083 0.575938
0.211945 0.211953 0.576102
0.211942 0.211942 0.576117
0.211942 0.211942 0.576116
0.212010 0.212198 0.575792
0.212182 0.212845 0.574974
0.211950 0.211973 0.576077
0.212098 0.212529 0.575373
0.212083 0.212474 0.575443
0.212252 0.213110 0.574637
0.215998 0.228054 0.555949
0.212841 0.215356 0.571802
0.211942 0.211942 0.576117
0.211962 0.212019 0.576019
0.216616 0.230800 0.552584
0.211942 0.211944 0.576114
0.212031 0.212278 0.575691
0.212074 0.212438 0.575488
0.212112 0.212581 0.575307
0.212074 0.212437 0.575489
0.211942 0.211942 0.576117
0.211963 0.212020 0.576017
0.211942 0.211942 0.576117
0.211942 0.211942 0.576117
0.225987 0.215487 0.558526
0.213127 0.216463 0.570411
0.211942 0.211942 0.576117
0.211943 0.211949 0.576108
0.211942 0.211942 0.576117
0.211942 0.211942 0.576117
0.211943 0.211948 0.576109
0.211942 0.211944 0.576114
0.212050 0.212348 0.575602
0.211967 0.212036 0.575997
0.211942 0.211942 0.576117
0.211972 0.212057 0.575971
0.211942 0.211942 0.576117
0.212001 0.212165 0.575834
0.211949 0.211971 0.576080
0.212026 0.212259 0.575715
0.211942 0.211942 0.576117
0.211945 0.211953 0.576103
0.212203 0.212923 0.574874
0.213059 0.216199 0.570742
0.211943 0.211949 0.576108
0.211981 0.212090 0.575929
0.211942 0.211942 0.576117
0.211942 0.211942 0.576117
0.211944 0.211951 0.576105
0.211985 0.212103 0.575913
0.211963 0.212022 0.576015
0.211942 0.211942 0.576117
0.211943 0.211942 0.576116
0.223792 0.267751 0.508457
0.211942 0.211942 0.576117
0.569043 0.217552 0.213406
0.217918 0.236682 0.545400
0.211954 0.211988 0.576057
0.211946 0.211960 0.576094
0.211956 0.211995 0.576050
0.212142 0.212696 0.575161
0.211954 0.211981 0.576065
0.211944 0.211949 0.576108
0.212714 0.214871 0.572414
0.211942 0.211945 0.576113
0.211959 0.212006 0.576035
0.212012 0.212206 0.575781
0.576071 0.211969 0.211960
0.212000 0.212160 0.575840
0.211945 0.211954 0.576101
0.211942 0.211942 0.576117
0.211942 0.211942 0.576117
0.211972 0.212057 0.575971
0.212212 0.212958 0.574831
0.479356 0.227402 0.293242
0.211942 0.211942 0.576117
0.212051 0.212351 0.575599
0.211993 0.212135 0.575871
0.211946 0.211959 0.576095
0.576111 0.211946 0.211943
0.212558 0.214274 0.573168
0.212504 0.214063 0.573433
0.212002 0.212169 0.575828
0.212207 0.212941 0.574852
0.211942 0.211942 0.576117
0.211942 0.211942 0.576117
0.212063 0.212396 0.575542
0.212005 0.212179 0.575816
0.211952 0.211979 0.576069
0.212212 0.212960 0.574827
0.211942 0.211942 0.576117
0.211950 0.211974 0.576076
0.211968 0.212042 0.575990
0.211945 0.211955 0.576100
0.212006 0.212183 0.575811
0.211963 0.212022 0.576016
0.211969 0.212046 0.575985
0.211942 0.211942 0.576117
0.211942 0.211942 0.576117
0.212092 0.212507 0.575401
0.211971 0.212054 0.575975
0.211942 0.211943 0.576115
0.211951 0.211978 0.576071
0.211942 0.211943 0.576115
0.212110 0.212574 0.575316
0.211942 0.211942 0.576117
0.211942 0.211942 0.576117
0.211944 0.211950 0.576106
0.211944 0.211951 0.576104
0.211970 0.212049 0.575981
0.211955 0.211993 0.576052
0.211948 0.211967 0.576085
0.211942 0.211942 0.576117
0.212019 0.212233 0.575748
0.576117 0.211942 0.211942
0.211942 0.211942 0.576117
0.211989 0.212118 0.575894
0.211988 0.212117 0.575894
0.212519 0.214123 0.573358
0.211944 0.211942 0.576113
0.211958 0.212003 0.576039
0.211946 0.211958 0.576096
0.211989 0.212118 0.575894
0.211961 0.212012 0.576027
0.211942 0.211942 0.576117
0.212003 0.212170 0.575827
0.211961 0.212014 0.576025
0.211942 0.211942 0.576117
0.211975 0.212068 0.575957
0.212318 0.213356 0.574325
0.211960 0.212012 0.576028
0.211972 0.212053 0.575976
0.211948 0.211965 0.576088
0.212062 0.212392 0.575546
0.211942 0.211943 0.576115
0.211956 0.211946 0.576098
0.211942 0.211942 0.576117
0.211942 0.211942 0.576117
0.212237 0.575743 0.212020
0.211942 0.211943 0.576115
0.211944 0.211952 0.576103
0.212111 0.212579 0.575310
0.212372 0.575572 0.212056
0.575235 0.212638 0.212127
0.211942 0.211942 0.576117
0.211942 0.211942 0.576117
0.211952 0.211980 0.576068
0.211942 0.211942 0.576117
0.212027 0.212262 0.575711
0.211969 0.212043 0.575989
0.211945 0.211956 0.576098
0.211950 0.211975 0.576074
0.211942 0.211944 0.576114
0.211951 0.211978 0.576071
0.211942 0.211942 0.576117
0.212138 0.212680 0.575182
0.220329 0.228155 0.551515
0.230560 0.325372 0.444068
0.211968 0.212041 0.575991
0.211942 0.211942 0.576117
0.211950 0.211972 0.576078
0.211942 0.211942 0.576117
0.211954 0.211989 0.576057
0.211973 0.212058 0.575970
0.576016 0.212021 0.211963
0.211980 0.212087 0.575933
0.212178 0.212829 0.574993
0.212035 0.212294 0.575671
0.211948 0.211965 0.576088
0.211942 0.211942 0.576117
0.212026 0.212259 0.575714
0.212070 0.212420 0.575511
0.213196 0.216685 0.570119
0.211976 0.212070 0.575955
0.211942 0.211942 0.576117
0.211949 0.211970 0.576081
0.297024 0.230124 0.472853
0.211965 0.212029 0.576006
0.211957 0.211998 0.576046
0.211947 0.211963 0.576090
0.216033 0.228240 0.555727
0.211942 0.211942 0.576117
0.211942 0.211942 0.576117
0.212015 0.575770 0.212216
0.211942 0.211942 0.576117
0.211946 0.211958 0.576096
0.212258 0.213126 0.574616
0.211944 0.211952 0.576104
0.211947 0.211963 0.576090
0.211942 0.211942 0.576117
0.211984 0.212101 0.575915
0.211944 0.211949 0.576107
0.211942 0.211943 0.576115
0.212086 0.212484 0.575431
0.211946 0.211957 0.576097
0.211942 0.211942 0.576117
0.211942 0.211942 0.576117
0.212147 0.212470 0.575383
0.211942 0.211942 0.576117
0.212036 0.212296 0.575668
0.211942 0.211942 0.576117
0.211945 0.211954 0.576101
0.211942 0.211943 0.576115
0.211942 0.211942 0.576117
0.211952 0.211981 0.576067
0.212506 0.214076 0.573418
0.211946 0.211959 0.576095
0.211942 0.211942 0.576117
0.211989 0.212119 0.575892
0.211943 0.211946 0.576112
0.214330 0.219879 0.565791
0.212054 0.212357 0.575589
0.211949 0.211971 0.576079
0.211942 0.211942 0.576117
0.212357 0.213509 0.574133
0.211971 0.212053 0.575976
0.211980 0.212086 0.575933
0.211974 0.212063 0.575963
0.211956 0.211996 0.576048
0.211946 0.211959 0.576094
0.211942 0.211942 0.576117
0.211942 0.211942 0.576117
0.211942 0.211942 0.576117
0.211945 0.211956 0.576099
0.211947 0.211962 0.576091
0.211942 0.211942 0.576117
0.211952 0.211981 0.576067
0.212269 0.213175 0.574555
0.217079 0.219211 0.563710
0.211942 0.211943 0.576115
0.212612 0.214480 0.572907
0.211949 0.211968 0.576084
0.211971 0.212050 0.575979
0.212004 0.212176 0.575820
0.212181 0.212842 0.574977
0.211968 0.212040 0.575992
0.211970 0.212050 0.575980
0.211970 0.212047 0.575984
0.211951 0.211977 0.576072
0.212046 0.212332 0.575622
0.211988 0.212115 0.575898
0.211945 0.211955 0.576100
0.211943 0.211949 0.576108
0.211943 0.211946 0.576111
0.211955 0.211993 0.576051
0.211942 0.211942 0.576117
0.211956 0.211995 0.576049
0.211942 0.211942 0.576117
0.212004 0.212175 0.575821
0.211967 0.212038 0.575994
0.211959 0.212006 0.576035
0.211942 0.211942 0.576117
0.211942 0.211942 0.576117
0.211942 0.211942 0.576117
0.212154 0.212739 0.575107
0.211969 0.212043 0.575989
0.211946 0.211959 0.576095
0.211951 0.211976 0.576074
0.211956 0.211996 0.576048
0.211974 0.212065 0.575961
0.211959 0.212006 0.576035
0.212041 0.212314 0.575645
0.211942 0.211943 0.576115
0.211949 0.211969 0.576082
0.212004 0.212176 0.575820
0.211942 0.211942 0.576117
0.211948 0.211966 0.576085
0.211969 0.212045 0.575986
0.211942 0.211942 0.576116
0.211980 0.212086 0.575934
0.211966 0.212035 0.575999
0.217473 0.213387 0.569140
0.211942 0.211942 0.576117
0.211942 0.211942 0.576116
0.211942 0.211942 0.576117
0.211956 0.211997 0.576047
0.212000 0.212162 0.575838
0.212006 0.212182 0.575812
0.211963 0.212021 0.576016
0.211942 0.211942 0.576117
0.211942 0.211943 0.576116
0.211947 0.211962 0.576091
0.211999 0.212158 0.575843
0.211942 0.211944 0.576113
0.211945 0.211954 0.576102
0.211947 0.211961 0.576093
0.211942 0.211942 0.576117
0.212039 0.212306 0.575656
0.211942 0.211942 0.576117
0.211942 0.211944 0.576114
0.211944 0.211951 0.576105
0.211942 0.211942 0.576117
0.211983 0.212098 0.575919
0.211982 0.212092 0.575927
0.211942 0.211942 0.576117
0.212004 0.212177 0.575819
0.211950 0.211972 0.576078
0.212109 0.212572 0.575318
0.211942 0.211942 0.576117
0.211942 0.211942 0.576117
0.211964 0.212027 0.576009
0.211951 0.211977 0.576071
0.211961 0.212013 0.576026
0.211980 0.212087 0.575932
0.211942 0.211942 0.576117
0.211942 0.211942 0.576117
0.211948 0.211967 0.576084
0.211981 0.212090 0.575929
0.211999 0.212155 0.575846
0.211942 0.211942 0.576117
0.211995 0.212141 0.575864
0.211945 0.211955 0.576100
0.211942 0.211942 0.576117
0.212024 0.212249 0.575727
0.211942 0.211942 0.576117
0.212468 0.212401 0.575131
0.211943 0.576112 0.211946
0.211961 0.212015 0.576024
0.211946 0.211957 0.576097
0.212017 0.212225 0.575758
0.211945 0.211953 0.576102
0.212047 0.212338 0.575615
0.212275 0.213161 0.574564
0.211945 0.211953 0.576102
0.212028 0.212266 0.575705
0.211968 0.212040 0.575992
0.211942 0.211942 0.576117
0.211942 0.211942 0.576117
0.211948 0.211967 0.576085
0.211942 0.211942 0.576117
0.211946 0.211958 0.576097
0.211951 0.211976 0.576074
0.211942 0.211942 0.576116
0.212010 0.212200 0.575790
0.211942 0.211942 0.576117
0.211976 0.212071 0.575953
0.229112 0.221885 0.549003
0.211948 0.211967 0.576084
0.212091 0.212501 0.575408
0.212107 0.211986 0.575908
0.211942 0.211942 0.576117
0.211952 0.211982 0.576066
0.211942 0.211942 0.576117
0.213052 0.216172 0.570776
0.211983 0.212098 0.575919
0.211984 0.212101 0.575915
0.212238 0.213055 0.574708
0.212002 0.212170 0.575828
0.212045 0.212331 0.575623
0.212239 0.213062 0.574699
0.212025 0.212255 0.575719
0.211942 0.211942 0.576117
0.211956 0.211997 0.576047
0.211951 0.211944 0.576104
0.211942 0.211942 0.576117
0.211946 0.211959 0.576094
0.211943 0.211947 0.576111
0.211942 0.211943 0.576115
0.211945 0.211955 0.576100
0.211950 0.211973 0.576077
0.211943 0.211948 0.576108
0.211957 0.212000 0.576043
0.212042 0.212318 0.575640
0.211956 0.211997 0.576047
0.211973 0.212061 0.575966
0.212029 0.212270 0.575701
0.211942 0.211942 0.576116
0.212063 0.212398 0.575538
0.230434 0.323815 0.445751
0.212664 0.214676 0.572661
0.211942 0.211942 0.576117
0.211968 0.212042 0.575990
0.211968 0.212039 0.575993
0.211944 0.211951 0.576105
0.211947 0.211961 0.576092
0.211947 0.211963 0.576090
0.211944 0.211950 0.576106
0.211942 0.211943 0.576115
0.211989 0.212121 0.575890
0.212030 0.212271 0.575699
0.211972 0.212057 0.575971
0.211966 0.212034 0.575999
0.211977 0.212075 0.575948
0.212162 0.212771 0.575067
0.212211 0.212754 0.575035
0.230375 0.446576 0.323049
0.211997 0.212149 0.575854
0.211942 0.211942 0.576117
0.212364 0.213532 0.574104
0.211942 0.211942 0.576117
0.211950 0.211975 0.576075
0.211995 0.212142 0.575864
0.211960 0.212009 0.576031
0.211942 0.211942 0.576117
0.211942 0.211942 0.576117
0.211942 0.211942 0.576117
0.232109 0.339984 0.427907
0.211985 0.212105 0.575910
0.211977 0.212074 0.575950
0.211977 0.212076 0.575947
0.212086 0.212484 0.575429
0.211966 0.212033 0.576002
0.211964 0.212027 0.576009
0.211969 0.212045 0.575986
0.211944 0.211949 0.576108
0.213405 0.217546 0.569049
0.212286 0.213237 0.574477
0.212141 0.212690 0.575169
0.211950 0.211971 0.576079
0.211948 0.211964 0.576088
0.216360 0.229724 0.553916
0.211969 0.212043 0.575989
0.211973 0.212060 0.575967
0.211942 0.211942 0.576117
0.211996 0.212147 0.575857
0.211969 0.212046 0.575985
0.213669 0.216064 0.570267
0.211942 0.211942 0.576117
0.211948 0.211965 0.576087
0.212003 0.212172 0.575825
0.212161 0.212765 0.575075
0.211990 0.212125 0.575885
0.211946 0.211958 0.576096
0.211949 0.211970 0.576081
0.327245 0.441889 0.230866
0.211946 0.211959 0.576095
0.211962 0.212019 0.576019
0.211942 0.211943 0.576114
0.211942 0.211942 0.576117
0.211942 0.211942 0.576117
0.211942 0.576117 0.211942
0.212041 0.212315 0.575644
0.211964 0.212026 0.576009
0.211945 0.211953 0.576102
0.211943 0.211947 0.576110
0.212218 0.212981 0.574801
0.211942 0.211943 0.576115
0.211942 0.211942 0.576116
0.211943 0.211947 0.576109
0.211949 0.211970 0.576081
0.211943 0.211947 0.576110
0.211942 0.211942 0.576117
0.226666 0.485933 0.287401
0.211961 0.212016 0.576023
0.211942 0.576116 0.211942
0.220884 0.251080 0.528035
0.212284 0.213232 0.574483
0.212070 0.212424 0.575506
0.212000 0.212159 0.575842
0.211942 0.211942 0.576117
0.211943 0.211946 0.576111
0.211945 0.211956 0.576099
0.211949 0.211969 0.576082
0.211942 0.211942 0.576117
0.211942 0.211944 0.576113
0.211942 0.211942 0.576117
0.211958 0.212000 0.576042
0.211942 0.211942 0.576117
0.212005 0.212178 0.575817
0.211949 0.211971 0.576080
0.211984 0.212093 0.575924
0.212007 0.212188 0.575805
0.212003 0.212170 0.575827
0.211982 0.212095 0.575923
0.211944 0.211950 0.576106
0.211956 0.211996 0.576048
0.211969 0.212046 0.575985
0.211950 0.211973 0.576077
0.211948 0.211966 0.576086
0.211942 0.211942 0.576117
0.211945 0.211955 0.576099
0.211942 0.211942 0.576117
0.211975 0.212066 0.575960
0.211942 0.211943 0.576115
0.211942 0.211944 0.576114
0.211963 0.212024 0.576013
0.211960 0.212012 0.576027
0.212221 0.212809 0.574970
0.212019 0.212234 0.575747
0.211973 0.212059 0.575968
0.211942 0.211944 0.576114
0.211942 0.211942 0.576117
0.211942 0.211942 0.576116
0.211942 0.211942 0.576117
0.211977 0.212073 0.575950
0.212007 0.212188 0.575804
0.211958 0.212005 0.576037
0.211942 0.211945 0.576113
0.211976 0.212070 0.575954
0.211942 0.211942 0.576117
0.211942 0.211942 0.576117
0.211948 0.211966 0.576085
0.212013 0.212211 0.575775
0.211942 0.211942 0.576117
0.212008 0.212192 0.575799
0.211962 0.212017 0.576021
0.211999 0.212158 0.575843
0.212020 0.212237 0.575742
0.211942 0.211942 0.576117
0.211966 0.212034 0.576000
0.211942 0.211942 0.576116
0.535931 0.219560 0.244508
0.212017 0.211962 0.576021
0.211963 0.212020 0.576017
0.211974 0.212064 0.575961
0.211951 0.211978 0.576071
0.211980 0.212087 0.575932
0.211942 0.211942 0.576117
0.211942 0.211942 0.576117
0.212201 0.212919 0.574880
0.211954 0.211987 0.576060
0.212036 0.212298 0.575666
0.212125 0.211991 0.575885
0.211942 0.211942 0.576117
0.211943 0.211946 0.576111
0.211961 0.212014 0.576025
0.212316 0.574332 0.213352
0.211948 0.211964 0.576088
0.212004 0.212177 0.575818
0.211962 0.212017 0.576021
0.212063 0.212399 0.575538
0.211987 0.212112 0.575901
0.211950 0.211974 0.576076
0.212041 0.212308 0.575651
0.212106 0.575906 0.211987
0.211942 0.211945 0.576113
0.211943 0.211948 0.576109
0.212715 0.214871 0.572414
0.211942 0.211942 0.576117
0.211942 0.211942 0.576117
0.212033 0.212283 0.575684
0.211957 0.212000 0.576043
0.211948 0.211967 0.576085
0.212007 0.212186 0.575807
0.212012 0.212206 0.575782
0.211942 0.211944 0.576114
0.211965 0.212029 0.576006
0.212141 0.212690 0.575170
0.212048 0.212340 0.575612
0.211969 0.212041 0.575991
0.211993 0.212135 0.575872
0.211998 0.212152 0.575850
0.212423 0.212441 0.575136
0.211942 0.211945 0.576113
0.212015 0.212217 0.575768
0.211974 0.212064 0.575961
0.212168 0.212792 0.575040
0.212009 0.212196 0.575794
0.212032 0.212280 0.575688
0.211953 0.211984 0.576063
0.211942 0.211942 0.576117
0.211974 0.212063 0.575963
0.211946 0.211959 0.576095
0.211950 0.211974 0.576076
0.211942 0.211943 0.576115
0.213625 0.573987 0.212388
0.211942 0.211942 0.576117
0.211942 0.211942 0.576117
0.211987 0.212111 0.575902
0.223008 0.263029 0.513963
0.211942 0.211943 0.576115
0.211942 0.211942 0.576117
0.211980 0.212085 0.575935
0.212043 0.212322 0.575635
0.211950 0.211972 0.576079
0.211949 0.211971 0.576080
0.211943 0.211949 0.576108
0.576070 0.211978 0.211951
0.211960 0.212011 0.576029
0.211980 0.212085 0.575935
0.211949 0.211971 0.576080
0.211963 0.212023 0.576013
0.211945 0.211955 0.576099
0.211943 0.211947 0.576111
0.212069 0.212421 0.575510
0.212198 0.212907 0.574895
0.212140 0.575175 0.212685
0.212093 0.212509 0.575399
0.211943 0.211945 0.576112
0.211950 0.211973 0.576077
0.212098 0.212530 0.575372
0.211972 0.212054 0.575974
0.211942 0.211942 0.576116
0.560581 0.224331 0.215088
0.212586 0.214379 0.573034
0.212055 0.211972 0.575974
0.212074 0.212440 0.575485
0.211942 0.211942 0.576117
0.211942 0.211942 0.576117
0.211942 0.211942 0.576117
0.211942 0.211942 0.576116
0.211946 0.211960 0.576094
0.211942 0.211942 0.576117
0.212102 0.212545 0.575353
0.211999 0.212156 0.575846
0.211942 0.211942 0.576117
0.213613 0.574002 0.212385
0.212430 0.213785 0.573785
0.212250 0.213103 0.574646
0.211942 0.211942 0.576117
0.211962 0.212018 0.576020
0.212071 0.212426 0.575503
0.213159 0.216567 0.570274
0.211964 0.212025 0.576011
0.212008 0.212190 0.575802
0.211968 0.212039 0.575993
0.227504 0.294079 0.478417
0.211973 0.212059 0.575968
0.212017 0.212225 0.575757
0.211976 0.212070 0.575954
0.211942 0.211942 0.576117
0.212130 0.212651 0.575219
0.211999 0.212157 0.575844
0.212923 0.215618 0.571459
0.218454 0.239080 0.542465
0.212012 0.212206 0.575782
0.219135 0.538439 0.242426
0.211950 0.211975 0.576075
0.449673 0.230145 0.320182
0.211964 0.212025 0.576012
0.212719 0.214890 0.572391
0.212090 0.212501 0.575409
0.211975 0.212065 0.575961
0.211964 0.212027 0.576009
0.211942 0.211942 0.576117
0.212018 0.212228 0.575754
0.226818 0.484608 0.288574
0.217201 0.233429 0.549370
0.211988 0.212114 0.575899
0.211946 0.211957 0.576098
0.212033 0.212286 0.575681
0.211976 0.212072 0.575952
0.219224 0.242861 0.537915
0.211944 0.211942 0.576114
0.212103 0.212547 0.575350
0.211942 0.211943 0.576115
0.211946 0.211958 0.576096
0.211948 0.211967 0.576085
0.211991 0.212127 0.575882
0.211942 0.211942 0.576117
0.211961 0.212014 0.576025
0.211968 0.212040 0.575993
0.211942 0.211942 0.576117
0.211942 0.211942 0.576117
0.211973 0.212059 0.575968
0.212074 0.212440 0.575485
0.211942 0.211942 0.576117
0.211942 0.211942 0.576117
0.211942 0.211942 0.576117
0.211954 0.211987 0.576059
0.211965 0.212030 0.576005
0.211950 0.211973 0.576077
0.211985 0.212105 0.575910
0.211981 0.212090 0.575928
0.218572 0.239736 0.541692
0.211989 0.212121 0.575890
0.211963 0.212023 0.576014
0.211978 0.212079 0.575943
0.211984 0.212100 0.575916
0.212009 0.212193 0.575798
0.211982 0.212094 0.575924
0.211942 0.211942 0.576117
0.211997 0.212151 0.575852
0.211955 0.211992 0.576053
0.211952 0.211980 0.576069
0.212090 0.212500 0.575409
0.211964 0.212026 0.576010
0.211942 0.211942 0.576117
0.211981 0.212090 0.575929
0.211945 0.211956 0.576099
0.218133 0.237669 0.544199
0.211943 0.211942 0.576116
0.211970 0.212047 0.575984
0.212104 0.212550 0.575347
0.211942 0.211942 0.576117
0.212076 0.212444 0.575480
0.560473 0.224418 0.215109
0.211942 0.211942 0.576117
0.211942 0.211942 0.576117
0.211942 0.211942 0.576117
0.211943 0.211946 0.576112
0.211947 0.211961 0.576093
0.211992 0.212131 0.575877
0.211962 0.212018 0.576019
0.211942 0.211942 0.576117
0.211943 0.211948 0.576108
0.211942 0.211942 0.576117
0.211942 0.211942 0.576117
0.211942 0.211942 0.576117
0.211942 0.211944 0.576114
0.211946 0.211957 0.576098
0.212426 0.213769 0.573805
0.211949 0.211970 0.576081
0.213311 0.217179 0.569511
0.212016 0.212220 0.575764
0.211970 0.212049 0.575981
0.211942 0.211942 0.576117
0.211942 0.211942 0.576117
0.211942 0.211942 0.576117
0.212159 0.212757 0.575084
0.212357 0.213506 0.574137
0.211942 0.211942 0.576117
0.211942 0.211942 0.576117
0.211942 0.211942 0.576117
0.211942 0.211942 0.576117
0.211956 0.211997 0.576046
0.214334 0.221245 0.564422
0.212813 0.215173 0.572014
0.212018 0.212229 0.575752
0.212225 0.213009 0.574766
0.211943 0.211942 0.576115
0.212037 0.212301 0.575662
0.211942 0.576116 0.211943
0.211968 0.212041 0.575990
0.211947 0.211963 0.576090
0.211942 0.211942 0.576117
0.211942 0.211942 0.576117
0.212008 0.212189 0.575803
0.217106 0.549891 0.233003
0.212332 0.213414 0.574254
0.212049 0.212345 0.575606
0.211942 0.211942 0.576117
0.211960 0.212009 0.576031
0.229368 0.311412 0.459220
0.211977 0.212073 0.575950
0.211961 0.212013 0.576027
0.211976 0.212072 0.575952
0.211950 0.211973 0.576077
0.211955 0.211994 0.576051
0.211953 0.211985 0.576062
0.211974 0.212062 0.575964
0.213030 0.213654 0.573317
0.211950 0.211974 0.576076
0.211942 0.211942 0.576117
0.212164 0.212778 0.575058
0.211975 0.212066 0.575960
0.211948 0.211964 0.576088
0.211970 0.212049 0.575981
0.211953 0.211983 0.576065
0.211969 0.212045 0.575986
0.211947 0.211960 0.576093
0.211977 0.212075 0.575948
0.212273 0.213187 0.574541
0.211949 0.211968 0.576083
0.212019 0.212231 0.575750
0.211945 0.211956 0.576099
0.212065 0.212405 0.575529
0.212044 0.212326 0.575631
0.211986 0.212106 0.575908
0.211942 0.211945 0.576113
0.212102 0.212544 0.575354
0.211959 0.212009 0.576032
0.211942 0.211943 0.576116
0.576054 0.211992 0.211955
0.211942 0.211942 0.576117
0.211943 0.211948 0.576109
0.211942 0.211942 0.576117
0.211977 0.212074 0.575950
0.212032 0.212281 0.575687
0.211942 0.211942 0.576117
0.211994 0.212136 0.575870
0.211942 0.211943 0.576116
0.214567 0.222190 0.563243
0.212007 0.575804 0.212188
0.212300 0.213290 0.574411
0.211969 0.212043 0.575988
0.211942 0.211942 0.576117
0.212106 0.212561 0.575333
0.211974 0.212062 0.575964
0.211947 0.211963 0.576089
0.211942 0.211942 0.576117
0.211942 0.211942 0.576117
0.211977 0.212075 0.575947
0.211942 0.211945 0.576112
0.230057 0.319126 0.450817
0.211942 0.211943 0.576115
0.211942 0.211942 0.576117
0.211964 0.212024 0.576012
0.576116 0.211942 0.211942
0.211945 0.211955 0.576099
0.212022 0.212244 0.575734
0.211969 0.212045 0.575985
0.212014 0.212212 0.575774
0.211944 0.211951 0.576105
0.211946 0.211959 0.576095
0.211942 0.211942 0.576117
0.211998 0.212153 0.575849
0.212031 0.212277 0.575692
0.211942 0.211944 0.576114
0.211943 0.211948 0.576108
0.211942 0.211942 0.576117
0.211942 0.211945 0.576113
0.211942 0.211942 0.576117
0.231765 0.425504 0.342731
0.211948 0.211966 0.576086
0.211942 0.211942 0.576117
0.211968 0.212040 0.575992
0.212217 0.212979 0.574803
0.223792 0.267681 0.508527
0.211942 0.211942 0.576117
0.211951 0.211978 0.576071
0.211942 0.211942 0.576117
0.211944 0.211950 0.576106
0.211969 0.212045 0.575986
0.211975 0.212068 0.575956
0.211983 0.212095 0.575922
0.211942 0.211942 0.576117
0.213169 0.216626 0.570206
0.212183 0.212851 0.574965
0.211942 0.211942 0.576117
0.211942 0.211942 0.576117
0.211961 0.212015 0.576024
0.211942 0.211942 0.576117
0.211942 0.211942 0.576117
0.211947 0.211964 0.576089
0.211952 0.211980 0.576068
0.211973 0.212059 0.575969
0.211965 0.212019 0.576017
0.211942 0.211942 0.576117
0.575852 0.212150 0.211997
0.211986 0.212107 0.575908
0.211943 0.211942 0.576115
0.211942 0.211942 0.576116
0.212013 0.212209 0.575779
0.212072 0.212429 0.575499
0.212045 0.212331 0.575624
0.211942 0.211942 0.576116
0.212942 0.215748 0.571310
0.212067 0.212407 0.575527
0.212211 0.212955 0.574834
0.211959 0.212005 0.576036
0.212012 0.212206 0.575782
0.212473 0.213949 0.573578
0.212128 0.212640 0.575232
0.211944 0.211952 0.576104
0.211942 0.211942 0.576117
0.214330 0.221227 0.564443
0.212610 0.214470 0.572920
0.211950 0.211973 0.576077
0.212049 0.212344 0.575607
0.212059 0.212384 0.575557
0.211962 0.212020 0.576018
0.211972 0.212055 0.575974
0.211995 0.212140 0.575865
0.211946 0.211959 0.576095
0.212364 0.212542 0.575095
0.211942 0.211942 0.576116
0.211955 0.211991 0.576054
0.211942 0.211942 0.576116
0.211942 0.576116 0.211942
0.211942 0.211942 0.576116
0.211971 0.212052 0.575978
0.211959 0.212006 0.576036
0.211977 0.212075 0.575947
0.576069 0.211979 0.211952
0.211943 0.211945 0.576112
0.211942 0.211942 0.576117
0.211942 0.211942 0.576117
0.211942 0.211942 0.576117
0.211942 0.211942 0.576117
0.211964 0.212025 0.576012
0.211949 0.211969 0.576083
0.211942 0.576117 0.211942
0.211944 0.211952 0.576103
0.211955 0.211990 0.576055
0.211948 0.211966 0.576086
0.211942 0.211942 0.576117
0.211942 0.211942 0.576117
0.211942 0.211942 0.576117
0.211942 0.211942 0.576117
0.211942 0.211942 0.576117
0.211942 0.211942 0.576116
0.212014 0.212212 0.575775
0.211943 0.211946 0.576112
0.211960 0.212009 0.576032
0.211946 0.576095 0.211959
0.211942 0.211942 0.576117
0.211942 0.211942 0.576117
0.211942 0.211942 0.576116
0.211942 0.211942 0.576117
0.211967 0.212038 0.575995
0.211942 0.211942 0.576117
0.211948 0.211964 0.576088
0.211956 0.211995 0.576049
0.211945 0.211953 0.576102
0.211944 0.211951 0.576104
0.211942 0.211944 0.576114
0.211942 0.211942 0.576117
0.211962 0.212017 0.576021
0.211948 0.211967 0.576084
0.211966 0.212033 0.576001
0.212497 0.574183 0.213320
0.211970 0.212048 0.575981
0.211942 0.211942 0.576117
0.211942 0.211942 0.576117
0.211942 0.211942 0.576117
0.211949 0.211969 0.576082
0.211943 0.211945 0.576112
0.211991 0.212128 0.575881
0.211942 0.211942 0.576117
0.217871 0.546064 0.236064
0.211942 0.211942 0.576116
0.211950 0.211973 0.576077
0.212079 0.212456 0.575465
0.211946 0.211960 0.576094
0.226107 0.216110 0.557783
0.211954 0.211988 0.576058
0.211942 0.211942 0.576117
0.211953 0.211985 0.576062
0.212018 0.212228 0.575754
0.211978 0.212076 0.575946
0.211942 0.211942 0.576117
0.288224 0.228204 0.483571
0.212262 0.213146 0.574592
0.212586 0.214379 0.573036
0.211947 0.211957 0.576096
0.211943 0.211948 0.576109
0.212247 0.213087 0.574667
0.211945 0.211954 0.576101
0.212791 0.213683 0.573526
0.211969 0.212044 0.575987
0.211942 0.211942 0.576117
0.211942 0.211942 0.576117
0.211942 0.211942 0.576117
0.214111 0.220347 0.565543
0.211952 0.211982 0.576065
0.211944 0.211952 0.576103
0.211946 0.211959 0.576094
0.211943 0.211946 0.576111
0.211977 0.212073 0.575951
0.211942 0.211942 0.576117
0.211945 0.211955 0.576100
0.211964 0.212024 0.576012
0.212027 0.212260 0.575713
0.211980 0.212087 0.575932
0.211969 0.212044 0.575987
0.212136 0.212674 0.575190
0.211942 0.211942 0.576117
0.211946 0.211957 0.576097
0.211982 0.212094 0.575923
0.211942 0.211945 0.576113
0.214921 0.223638 0.561441
0.211942 0.211942 0.576117
0.211943 0.211947 0.576110
0.211943 0.211946 0.576111
0.211944 0.211952 0.576103
0.212041 0.212316 0.575643
0.211944 0.211952 0.576104
0.211942 0.211943 0.576115
0.211942 0.211942 0.576117
0.576001 0.212033 0.211966
0.225438 0.496115 0.278446
0.211965 0.212030 0.576005
0.212006 0.212185 0.575809
0.212234 0.213042 0.574724
0.211942 0.211942 0.576117
0.211958 0.212003 0.576039
0.211942 0.211942 0.576117
0.212017 0.212225 0.575758
0.211942 0.211944 0.576114
0.212294 0.213001 0.574704
0.575390 0.212515 0.212094
0.212009 0.212195 0.575796
0.211942 0.211942 0.576117
0.211942 0.211943 0.576115
0.211942 0.211942 0.576117
0.211942 0.211942 0.576117
0.211942 0.211942 0.576117
0.211945 0.211956 0.576099
0.212666 0.214392 0.572942
0.211943 0.211946 0.576111
0.212072 0.212430 0.575498
0.214081 0.220227 0.565692
0.215585 0.226410 0.558005
0.212026 0.212257 0.575717
0.221448 0.254246 0.524306
0.212308 0.213324 0.574368
0.211942 0.211942 0.576117
0.211942 0.211942 0.576117
0.211943 0.211945 0.576112
0.211952 0.211982 0.576065
0.212028 0.212266 0.575706
0.211951 0.211977 0.576072
0.212161 0.212767 0.575072
0.211968 0.212040 0.575993
0.227085 0.290656 0.482259
0.211981 0.212090 0.575929
0.211953 0.211984 0.576063
0.211968 0.212042 0.575989
0.211955 0.211993 0.576052
0.211946 0.211959 0.576095
0.211953 0.211983 0.576065
0.211942 0.211942 0.576117
0.211942 0.211942 0.576116
0.211965 0.212031 0.576004
0.211971 0.212053 0.575975
0.211969 0.212046 0.575985
0.211950 0.211973 0.576077
0.211947 0.211962 0.576092
0.211950 0.211972 0.576078
0.572641 0.213233 0.214126
0.211942 0.211942 0.576117
0.211942 0.211942 0.576117
0.211960 0.212011 0.576029
0.213386 0.217470 0.569144
0.211946 0.211943 0.576111
0.211943 0.211946 0.576111
0.212011 0.212201 0.575789
0.212121 0.212616 0.575263
0.211942 0.211943 0.576115
0.212045 0.212331 0.575624
0.212149 0.212720 0.575131
0.211989 0.212120 0.575891
0.212202 0.212915 0.574882
0.212328 0.213399 0.574273
0.235653 0.220152 0.544195
0.212052 0.212355 0.575593
0.212139 0.212683 0.575178
0.211968 0.212042 0.575989
0.212861 0.215212 0.571927
0.211963 0.212022 0.576015
0.212008 0.212189 0.575803
0.211988 0.212116 0.575896
0.211942 0.211942 0.576117
0.211974 0.212062 0.575964
0.211942 0.211942 0.576117
0.211942 0.211942 0.576117
0.232520 0.366584 0.400896
0.211942 0.211942 0.576117
0.212549 0.214233 0.573219
0.212024 0.212249 0.575728
0.212051 0.212354 0.575595
0.211942 0.211942 0.576117
0.211994 0.212137 0.575870
0.212184 0.212853 0.574963
0.211965 0.212031 0.576003
0.214790 0.223103 0.562106
0.211966 0.212032 0.576002
0.211969 0.212043 0.575989
0.211942 0.211942 0.576117
0.212002 0.212170 0.575828
0.211949 0.211970 0.576080
0.212365 0.213535 0.574100
0.211942 0.211942 0.576117
0.211942 0.211942 0.576117
0.211942 0.211942 0.576117
0.211948 0.211965 0.576087
0.213852 0.219312 0.566836
0.211942 0.211943 0.576115
0.211942 0.211942 0.576117
0.216740 0.553132 0.230128
0.212267 0.213167 0.574566
0.212000 0.212159 0.575841
0.211944 0.211952 0.576103
0.235342 0.547033 0.217625
0.212038 0.212305 0.575657
0.215119 0.224460 0.560421
0.211978 0.212077 0.575945
0.212104 0.212552 0.575344
0.211950 0.211974 0.576076
0.212000 0.212159 0.575841
0.216650 0.230953 0.552397
0.212112 0.212581 0.575307
0.212208 0.212598 0.575195
0.211950 0.211974 0.576075
0.211956 0.211997 0.576047
0.576117 0.211942 0.211942
0.211942 0.211942 0.576117
0.211953 0.211983 0.576064
0.211972 0.212054 0.575974
0.211961 0.212014 0.576024
0.212267 0.213165 0.574569
0.212016 0.212222 0.575761
0.212246 0.213088 0.574665
0.212047 0.212337 0.575616
0.212006 0.212178 0.575816
0.211942 0.211942 0.576117
0.212080 0.212458 0.575462
0.211942 0.211942 0.576116
0.211997 0.212150 0.575852
0.211994 0.212138 0.575868
0.211953 0.211983 0.576065
0.211942 0.211942 0.576117
0.211957 0.212001 0.576041
0.211942 0.211942 0.576117
0.211942 0.211942 0.576117
0.211942 0.211943 0.576115
0.212755 0.215025 0.572220
0.211965 0.212029 0.576006
0.211942 0.211942 0.576117
0.212763 0.215058 0.572179
0.211950 0.211971 0.576079
0.211947 0.211962 0.576091
0.212242 0.213072 0.574686
0.212059 0.212384 0.575557
0.211969 0.212044 0.575987
0.211946 0.211959 0.576095
0.211958 0.212005 0.576037
0.211942 0.211942 0.576117
0.211959 0.211961 0.576079
0.211973 0.212058 0.575969
0.212194 0.212893 0.574913
0.211942 0.211942 0.576117
0.211945 0.211955 0.576100
0.211970 0.212047 0.575983
0.211953 0.211986 0.576061
0.211951 0.211977 0.576072
0.211952 0.211981 0.576067
0.211944 0.211949 0.576107
0.212033 0.212286 0.575681
0.229831 0.316304 0.453865
0.212009 0.212194 0.575797
0.211988 0.212115 0.575897
0.212008 0.212191 0.575800
0.212447 0.213806 0.573747
0.212269 0.213173 0.574559
0.212132 0.212657 0.575211
0.212058 0.212378 0.575564
0.213486 0.217864 0.568650
0.211942 0.211942 0.576117
0.211942 0.211942 0.576117
0.212130 0.212648 0.575223
0.211945 0.211953 0.576102
0.211993 0.212133 0.575874
0.211983 0.212096 0.575921
0.212810 0.215236 0.571954
0.211942 0.211942 0.576117
0.211942 0.211942 0.576117
0.232691 0.386717 0.380593
0.213275 0.212921 0.573804
0.212301 0.213273 0.574426
0.211942 0.211942 0.576117
0.211983 0.212096 0.575920
0.212135 0.212669 0.575196
0.219994 0.244885 0.535120
0.211942 0.211942 0.576117
0.215954 0.227974 0.556072
0.211956 0.211995 0.576049
0.212051 0.212351 0.575598
0.211950 0.211971 0.576079
0.211979 0.212083 0.575938
0.211979 0.212080 0.575941
0.211943 0.211947 0.576109
0.211942 0.211942 0.576117
0.211942 0.211942 0.576117
0.212391 0.213636 0.573973
0.211984 0.212100 0.575916
0.211977 0.212075 0.575947
0.211942 0.211942 0.576117
0.211970 0.212046 0.575984
0.212004 0.576031 0.211966
0.211945 0.211953 0.576102
0.223603 0.266557 0.509840
0.213774 0.217453 0.568774
0.211960 0.212011 0.576029
0.211951 0.211977 0.576072
0.211976 0.212069 0.575956
0.211942 0.211942 0.576116
0.211949 0.211967 0.576084
0.211942 0.211942 0.576117
0.211959 0.212008 0.576033
0.211943 0.211948 0.576109
0.215082 0.224303 0.560615
0.211997 0.212148 0.575855
0.211949 0.211969 0.576081
0.211955 0.211990 0.576055
0.211955 0.211991 0.576054
0.211964 0.212027 0.576009
0.211942 0.211942 0.576117
0.211942 0.211942 0.576117
0.211942 0.211942 0.576117
0.211949 0.211968 0.576083
0.211942 0.211942 0.576117
0.213357 0.215519 0.571124
0.211942 0.211942 0.576117
0.211942 0.211942 0.576117
0.211942 0.211942 0.576117
0.211942 0.211942 0.576117
0.211942 0.211942 0.576117
0.211970 0.212042 0.575988
0.211982 0.212092 0.575926
0.211947 0.211963 0.576090
0.211942 0.211942 0.576117
0.211945 0.211955 0.576100
0.211942 0.211942 0.576117
0.211957 0.212000 0.576043
0.211987 0.212113 0.575899
0.211942 0.211942 0.576117
0.212023 0.212245 0.575732
0.211969 0.212045 0.575985
0.211949 0.211969 0.576083
0.211942 0.211942 0.576117
0.211943 0.211947 0.576110
0.211946 0.211956 0.576098
0.211948 0.211965 0.576088
0.211980 0.212085 0.575935
0.211942 0.211942 0.576117
0.212054 0.212362 0.575585
0.211942 0.211942 0.576116
0.212025 0.212253 0.575723
0.211949 0.211970 0.576081
0.211942 0.211942 0.576117
0.212008 0.212190 0.575803
0.211960 0.212010 0.576030
0.211942 0.211942 0.576117
0.212034 0.212289 0.575677
0.211994 0.212138 0.575869
0.211942 0.211942 0.576117
0.211952 0.211982 0.576066
0.211945 0.211955 0.576100
0.211949 0.211970 0.576081
0.212050 0.212350 0.575600
0.212070 0.212424 0.575507
0.212006 0.212182 0.575812
0.212955 0.215798 0.571247
0.211998 0.212153 0.575849
0.212033 0.212286 0.575681
0.213298 0.217129 0.569573
0.212014 0.212213 0.575773
0.211997 0.212149 0.575855
0.211994 0.212140 0.575866
0.212382 0.213556 0.574061
0.231286 0.432531 0.336183
0.212206 0.212938 0.574856
0.227305 0.292443 0.480252
0.212048 0.212339 0.575613
0.211968 0.212040 0.575992
0.212362 0.213526 0.574113
0.211962 0.212018 0.576020
0.211942 0.211942 0.576117
0.211942 0.211944 0.576114
0.211968 0.212042 0.575989
0.211995 0.212143 0.575862
0.211948 0.211966 0.576086
0.212042 0.212318 0.575641
0.211951 0.211977 0.576072
0.212008 0.212191 0.575800
0.212039 0.212306 0.575656
0.211957 0.211998 0.576045
0.211943 0.211947 0.576111
0.212004 0.212176 0.575820
0.211949 0.211969 0.576082
0.211942 0.211943 0.576115
0.211946 0.211959 0.576094
0.211973 0.212059 0.575969
0.211983 0.212098 0.575919
0.211975 0.212066 0.575960
0.214503 0.221931 0.563565
0.211943 0.211946 0.576112
0.213551 0.218093 0.568357
0.211944 0.211952 0.576104
0.212673 0.214707 0.572620
0.211974 0.212063 0.575963
0.212181 0.212842 0.574976
0.211982 0.212093 0.575925
0.211980 0.212085 0.575935
0.211959 0.212006 0.576035
0.211942 0.211942 0.576117
0.211942 0.211942 0.576117
0.211947 0.211963 0.576089
0.211978 0.212078 0.575944
0.211949 0.211969 0.576082
0.212028 0.212265 0.575707
0.211946 0.211957 0.576097
0.212054 0.212364 0.575581
0.211992 0.212131 0.575876
0.211964 0.212025 0.576011
0.211971 0.212053 0.575976
0.212021 0.212239 0.575741
0.211946 0.211959 0.576095
0.212156 0.212723 0.575122
0.212023 0.211983 0.575994
0.212016 0.212222 0.575761
0.211942 0.211942 0.576117
0.211942 0.211942 0.576117
0.211944 0.211950 0.576106
0.213061 0.216206 0.570734
0.211980 0.212087 0.575933
0.212005 0.212178 0.575818
0.212091 0.212502 0.575407
0.211982 0.212093 0.575925
0.211992 0.212129 0.575879
0.212010 0.212199 0.575791
0.211970 0.212050 0.575980
0.212039 0.212306 0.575655
0.211977 0.212076 0.575947
0.211974 0.212062 0.575964
0.212041 0.212315 0.575643
0.212012 0.212208 0.575780
0.211946 0.211959 0.576094
0.211943 0.211947 0.576110
0.211942 0.211942 0.576117
0.211956 0.211996 0.576048
0.211964 0.211995 0.576042
0.212070 0.212422 0.575508
0.211987 0.212111 0.575902
0.216560 0.230594 0.552846
0.212363 0.213371 0.574265
0.212016 0.212221 0.575763
0.218132 0.237672 0.544195
0.211942 0.211942 0.576117
0.212048 0.212341 0.575610
0.211998 0.212152 0.575850
0.212079 0.212458 0.575463
0.576059 0.211987 0.211954
0.212002 0.211967 0.576031
0.211943 0.211948 0.576109
0.211984 0.212099 0.575917
0.212002 0.212166 0.575832
0.211969 0.212045 0.575986
0.212041 0.212315 0.575643
0.211977 0.212073 0.575951
0.212027 0.212260 0.575713
0.214037 0.220051 0.565912
0.211947 0.211964 0.576089
0.211985 0.212104 0.575911
0.211952 0.211982 0.576065
0.212444 0.213840 0.573716
0.211954 0.211987 0.576060
0.253978 0.490461 0.255561
0.211942 0.211943 0.576115
0.211963 0.212021 0.576016
0.211942 0.211943 0.576115
0.211943 0.211946 0.576111
0.211947 0.211961 0.576092
0.211963 0.212021 0.576016
0.211956 0.211997 0.576047
0.212094 0.212514 0.575392
0.211942 0.211942 0.576117
0.211945 0.211954 0.576101
0.211942 0.211942 0.576117
0.211956 0.211997 0.576046
0.211954 0.211988 0.576058
0.212023 0.212246 0.575731
0.211984 0.212102 0.575913
0.211980 0.212084 0.575936
0.211967 0.212035 0.575998
0.211952 0.211982 0.576066
0.211942 0.211942 0.576117
0.211981 0.212089 0.575931
0.211950 0.211974 0.576076
0.211943 0.211947 0.576110
0.211943 0.211945 0.576112
0.211968 0.212042 0.575990
0.212036 0.212297 0.575667
0.211965 0.212031 0.576003
0.211958 0.212003 0.576039
0.211976 0.212071 0.575953
0.313319 0.410868 0.275812
0.211953 0.211985 0.576062
0.211948 0.211965 0.576087
0.213494 0.568608 0.217897
0.212398 0.213662 0.573941
0.211971 0.212052 0.575977
0.212033 0.212281 0.575686
0.575845 0.212156 0.211999
0.211951 0.211975 0.576074
0.211966 0.212034 0.575999
0.211942 0.211942 0.576117
0.211952 0.211980 0.576068
0.211996 0.212147 0.575857
0.553337 0.216745 0.229919
0.211943 0.211948 0.576108
0.211954 0.211989 0.576057
0.211961 0.212014 0.576026
0.211991 0.212129 0.575880
0.211978 0.212079 0.575942
0.211988 0.212115 0.575897
0.211942 0.576116 0.211942
0.212323 0.213378 0.574299
0.211942 0.211942 0.576117
0.211993 0.212133 0.575875
0.211980 0.212087 0.575933
0.232288 0.357245 0.410467
0.211951 0.211978 0.576071
0.211942 0.211942 0.576117
0.211942 0.211942 0.576117
0.212265 0.213160 0.574574
0.211942 0.211942 0.576117
0.212401 0.213674 0.573925
0.211942 0.211944 0.576114
0.211944 0.211950 0.576106
0.211943 0.576111 0.211947
0.575949 0.212074 0.211977
0.211975 0.212067 0.575958
0.212727 0.214809 0.572464
0.211955 0.211990 0.576055
0.212018 0.212226 0.575757
0.211942 0.211942 0.576117
0.212090 0.212497 0.575413
0.211942 0.211942 0.576117
0.211978 0.212077 0.575946
0.213909 0.219525 0.566566
0.217408 0.234359 0.548232
0.211947 0.211962 0.576091
0.212011 0.212203 0.575785
0.211951 0.211977 0.576072
0.211942 0.211942 0.576117
0.211946 0.211957 0.576098
0.257580 0.271933 0.470487
0.212092 0.212477 0.575431
0.215316 0.225280 0.559404
0.211968 0.212041 0.575991
0.211972 0.212057 0.575970
0.212680 0.214737 0.572583
0.211942 0.211943 0.576116
0.212297 0.213276 0.574426
0.211944 0.211949 0.576107
0.211963 0.212023 0.576014
0.211986 0.212109 0.575905
0.211944 0.211950 0.576107
0.212058 0.212378 0.575564
0.211962 0.212018 0.576020
0.212003 0.212172 0.575825
0.510821 0.265720 0.223460
0.212043 0.212323 0.575634
0.212019 0.212232 0.575749
0.212000 0.212161 0.575839
0.211942 0.211942 0.576117
0.212023 0.212247 0.575730
0.211951 0.211979 0.576070
0.219238 0.565110 0.215653
0.211961 0.212015 0.576024
0.211945 0.211956 0.576098
0.211991 0.212110 0.575899
0.211947 0.211963 0.576089
0.212068 0.212417 0.575515
0.216267 0.226928 0.556805
0.211962 0.212019 0.576019
0.211943 0.211946 0.576111
0.212950 0.215641 0.571409
0.211947 0.211963 0.576090
0.211986 0.212107 0.575908
0.211946 0.211957 0.576098
0.211942 0.211943 0.576115
0.211954 0.211987 0.576059
0.211942 0.211942 0.576117
0.211947 0.211961 0.576092
0.211975 0.212068 0.575957
0.212325 0.213387 0.574288
0.212154 0.212738 0.575108
0.211942 0.211943 0.576115
0.215591 0.226435 0.557973
0.211952 0.211982 0.576065
0.264786 0.223363 0.511852
0.212007 0.212187 0.575807
0.211959 0.212008 0.576033
0.211975 0.212067 0.575957
0.211942 0.211942 0.576117
0.211987 0.212113 0.575900
0.211942 0.211942 0.576117
0.212010 0.212197 0.575793
0.212008 0.212189 0.575804
0.212157 0.212751 0.575092
0.211951 0.211976 0.576073
0.212191 0.212879 0.574930
0.211942 0.211942 0.576116
0.212321 0.213372 0.574307
0.211979 0.212082 0.575939
0.211948 0.211965 0.576087
0.211960 0.212012 0.576027
0.211953 0.211983 0.576064
0.211956 0.211995 0.576050
0.211973 0.212060 0.575967
0.214435 0.221656 0.563909
0.211942 0.211942 0.576117
0.211949 0.211969 0.576082
0.217898 0.236364 0.545738
0.211976 0.212071 0.575953
0.211978 0.212078 0.575944
0.211980 0.212086 0.575933
0.211950 0.211974 0.576076
0.211942 0.211944 0.576114
0.221652 0.563531 0.214817
0.211950 0.211972 0.576078
0.211942 0.211942 0.576117
0.212027 0.212263 0.575710
0.211988 0.212116 0.575896
0.211982 0.212095 0.575923
0.211942 0.211943 0.576115
0.211967 0.212035 0.575998
0.228297 0.555673 0.216029
0.211967 0.212035 0.575998
0.575982 0.212048 0.211970
0.211990 0.212123 0.575888
0.211942 0.211942 0.576117
0.211942 0.211942 0.576117
0.211946 0.211958 0.576096
0.211952 0.211981 0.576067
0.215619 0.213900 0.570480
0.211999 0.212155 0.575846
0.211967 0.212037 0.575996
0.211946 0.211958 0.576097
0.212981 0.215899 0.571120
0.574830 0.212958 0.212212
0.211957 0.212000 0.576043
0.212085 0.212481 0.575434
0.211958 0.212004 0.576038
0.211981 0.212090 0.575929
0.211979 0.212082 0.575939
0.211993 0.212134 0.575873
0.212018 0.212229 0.575752
0.211975 0.212069 0.575956
0.211981 0.212088 0.575931
0.211951 0.211979 0.576070
0.211942 0.211943 0.576115
0.211957 0.212001 0.576041
0.211995 0.212140 0.575866
0.213063 0.212240 0.574698
0.211976 0.212070 0.575955
0.212026 0.212259 0.575715
0.211987 0.212113 0.575899
0.211982 0.212092 0.575927
0.211942 0.211942 0.576117
0.212143 0.212697 0.575161
0.212037 0.212300 0.575663
0.211983 0.212097 0.575920
0.211942 0.211943 0.576115
0.211942 0.211942 0.576117
0.211942 0.211942 0.576116
0.211972 0.212056 0.575972
0.212059 0.212381 0.575561
0.211984 0.212101 0.575915
0.211942 0.211942 0.576117
0.211942 0.211942 0.576117
0.211942 0.211942 0.576117
0.211942 0.211942 0.576117
0.211942 0.211942 0.576117
0.211974 0.212063 0.575962
0.211973 0.212059 0.575969
0.211942 0.211942 0.576117
0.211960 0.212009 0.576031
0.211983 0.212097 0.575920
0.224305 0.270963 0.504732
0.211942 0.211942 0.576117
0.211942 0.211942 0.576117
0.211957 0.211999 0.576044
0.211944 0.211950 0.576106
0.211975 0.212066 0.575960
0.211994 0.212137 0.575869
0.211986 0.212108 0.575906
0.212153 0.212737 0.575109
0.211942 0.211943 0.576114
0.211942 0.211942 0.576117
0.211942 0.211942 0.576117
0.211970 0.212048 0.575982
0.211979 0.212084 0.575937
0.211974 0.212063 0.575963
0.212003 0.212172 0.575825
0.212053 0.212358 0.575589
0.211957 0.212001 0.576041
0.212010 0.212198 0.575793
0.211982 0.212093 0.575925
0.211944 0.211952 0.576104
0.211943 0.211948 0.576109
0.211942 0.211942 0.576117
0.211942 0.211942 0.576117
0.212014 0.212214 0.575772
0.212033 0.212286 0.575681
0.212136 0.212674 0.575190
0.211942 0.211942 0.576117
0.211942 0.211942 0.576117
0.211942 0.211942 0.576117
0.211954 0.211987 0.576059
0.211993 0.212135 0.575872
0.212022 0.212241 0.575737
0.212476 0.213950 0.573574
0.212019 0.212232 0.575749
0.211956 0.211996 0.576048
0.211947 0.211963 0.576089
0.211977 0.212075 0.575948
0.211999 0.212158 0.575842
0.211949 0.211970 0.576081
0.211942 0.211942 0.576117
0.211983 0.212095 0.575922
0.212181 0.212841 0.574978
0.211944 0.211950 0.576106
0.212060 0.212384 0.575556
0.211993 0.212136 0.575870
0.211949 0.211971 0.576080
0.212028 0.212265 0.575707
0.212024 0.212250 0.575727
0.212025 0.212255 0.575720
0.212337 0.213431 0.574232
0.211943 0.211948 0.576109
0.211942 0.211945 0.576113
0.211942 0.211942 0.576116
0.211942 0.211942 0.576116
0.211942 0.211942 0.576116
0.211973 0.212060 0.575967
0.568448 0.218026 0.213526
0.212034 0.212290 0.575676
0.211942 0.211942 0.576117
0.211942 0.211943 0.576115
0.211958 0.212002 0.576040
0.212094 0.212513 0.575393
0.211942 0.211942 0.576117
0.211942 0.211942 0.576116
0.212081 0.212466 0.575453
0.211942 0.211942 0.576117
0.211969 0.212044 0.575987
0.575185 0.212677 0.212137
0.212053 0.212361 0.575586
0.211967 0.212036 0.575998
0.212059 0.212381 0.575560
0.211970 0.212047 0.575984
0.211952 0.211980 0.576069
0.211958 0.212004 0.576037
0.211948 0.211964 0.576088
0.212105 0.575339 0.212556
0.212085 0.212479 0.575436
0.212082 0.212469 0.575449
0.227421 0.293399 0.479180
0.211975 0.212066 0.575960
0.212012 0.212206 0.575782
0.211953 0.211984 0.576063
0.217405 0.217317 0.565278
0.211942 0.211942 0.576117
0.211946 0.211960 0.576094
0.212044 0.212325 0.575632
0.211986 0.212110 0.575904
0.211950 0.211975 0.576075
0.211942 0.211942 0.576117
0.211964 0.212027 0.576009
0.212166 0.212785 0.575049
0.212071 0.212427 0.575502
0.211942 0.211942 0.576117
0.211942 0.211942 0.576117
0.212087 0.212487 0.575426
0.211948 0.211967 0.576084
0.211947 0.211962 0.576091
0.211942 0.211942 0.576117
0.211942 0.211942 0.576117
0.211948 0.211967 0.576085
0.211977 0.212075 0.575947
0.211958 0.212004 0.576038
0.211946 0.211959 0.576095
0.212150 0.212725 0.575125
0.211943 0.211947 0.576110
0.212156 0.212747 0.575097
0.221697 0.255596 0.522707
0.211947 0.211964 0.576089
0.211951 0.211978 0.576071
0.212010 0.212197 0.575793
0.212005 0.212179 0.575816
0.211954 0.211988 0.576058
0.211954 0.211986 0.576060
0.211942 0.211942 0.576117
0.211950 0.211972 0.576079
0.416128 0.239488 0.344384
0.213583 0.217096 0.569321
0.211978 0.575944 0.212078
0.211972 0.212054 0.575974
0.211944 0.211951 0.576105
0.211954 0.211989 0.576057
0.211942 0.211942 0.576117
0.212002 0.212169 0.575828
0.212003 0.212173 0.575823
0.212065 0.212406 0.575528
0.211945 0.211956 0.576099
0.211951 0.211978 0.576070
0.212019 0.212230 0.575751
0.211994 0.212137 0.575870
0.211942 0.211942 0.576117
0.211942 0.211942 0.576117
0.211943 0.211946 0.576111
0.211942 0.211942 0.576117
0.211954 0.211988 0.576058
0.211980 0.212085 0.575935
0.212022 0.212244 0.575734
0.211942 0.211942 0.576116
0.211945 0.211953 0.576103
0.211942 0.211942 0.576117
0.211950 0.211972 0.576079
0.212307 0.213317 0.574376
0.212180 0.575495 0.212326
0.211949 0.211970 0.576080
0.212161 0.212765 0.575074
0.212508 0.214082 0.573410
0.212034 0.212289 0.575677
0.211953 0.211983 0.576064
0.212022 0.212243 0.575735
0.211981 0.212090 0.575929
0.212037 0.212299 0.575664
0.212001 0.212165 0.575834
0.211942 0.211942 0.576117
0.211942 0.211942 0.576117
0.211942 0.211942 0.576117
0.212014 0.212214 0.575771
0.211948 0.211964 0.576088
0.211942 0.211942 0.576117
0.212022 0.212242 0.575736
0.211942 0.211942 0.576117
0.211987 0.212112 0.575901
0.509515 0.225594 0.264890
0.211965 0.212029 0.576006
0.211956 0.211997 0.576046
0.211942 0.211942 0.576117
0.212137 0.212677 0.575186
0.232462 0.403756 0.363782
0.211952 0.211980 0.576068
0.211945 0.211956 0.576099
0.211942 0.211942 0.576116
0.211951 0.211975 0.576074
0.212260 0.213127 0.574613
0.211942 0.211942 0.576117
0.211942 0.211942 0.576116
0.211944 0.211952 0.576103
0.211970 0.212050 0.575980
0.211974 0.212064 0.575962
0.211981 0.212088 0.575932
0.212944 0.215756 0.571300
0.214263 0.220959 0.564778
0.211943 0.211947 0.576110
0.212719 0.214887 0.572394
0.211975 0.212067 0.575958
0.211942 0.211942 0.576117
0.211942 0.211943 0.576115
0.247662 0.237563 0.514775
0.212000 0.211975 0.576025
0.211942 0.211942 0.576117
0.211942 0.211942 0.576117
0.211953 0.211985 0.576062
0.211981 0.212090 0.575929
0.211942 0.211942 0.576117
0.211942 0.211942 0.576117
0.213004 0.215986 0.571010
0.212382 0.213604 0.574014
0.211976 0.212069 0.575956
0.211961 0.212016 0.576022
0.211942 0.211942 0.576117
0.212427 0.213773 0.573800
0.211942 0.211942 0.576117
0.211990 0.212124 0.575886
0.503231 0.241733 0.255036
0.211945 0.211956 0.576098
0.221596 0.255049 0.523355
0.216527 0.230449 0.553023
0.214037 0.220049 0.565914
0.211942 0.211942 0.576117
0.211957 0.212000 0.576043
0.211989 0.212120 0.575891
0.257928 0.238495 0.503578
0.211942 0.211942 0.576117
0.211965 0.212029 0.576006
0.576117 0.211942 0.211942
0.211991 0.212127 0.575882
0.211979 0.212082 0.575939
0.214359 0.221184 0.564457
0.212077 0.212452 0.575471
0.212295 0.213272 0.574434
0.211942 0.211942 0.576117
0.211961 0.212014 0.576026
0.211947 0.211964 0.576089
0.211942 0.211945 0.576113
0.212470 0.213935 0.573595
0.211973 0.212058 0.575969
0.211947 0.211961 0.576093
0.211942 0.211942 0.576117
0.211959 0.212007 0.576034
0.211987 0.212114 0.575899
0.211953 0.211986 0.576060
0.212022 0.212243 0.575735
0.211944 0.211952 0.576104
0.211942 0.211942 0.576117
0.211964 0.212024 0.576012
0.211972 0.212054 0.575974
0.211942 0.211942 0.576117
0.211942 0.211942 0.576117
0.211942 0.211942 0.576117
0.214513 0.221970 0.563517
0.212061 0.212391 0.575548
0.212033 0.212283 0.575684
0.211942 0.211942 0.576117
0.211943 0.211947 0.576110
0.211947 0.211963 0.576090
0.211942 0.211942 0.576117
0.211942 0.211942 0.576117
0.211942 0.211942 0.576117
0.211942 0.211942 0.576117
0.211942 0.211942 0.576117
0.211942 0.211942 0.576117
0.211976 0.212069 0.575955
0.211969 0.212044 0.575987
0.211942 0.211942 0.576117
0.211942 0.211942 0.576117
0.211942 0.211942 0.576117
0.211945 0.211954 0.576101
0.211966 0.212034 0.576000
0.212180 0.212836 0.574984
0.212000 0.212160 0.575839
0.211954 0.211988 0.576058
0.211942 0.211942 0.576117
0.211953 0.211983 0.576064
0.211944 0.211948 0.576108
0.211942 0.211942 0.576116
0.211942 0.211942 0.576117
0.212065 0.212405 0.575529
0.211998 0.212154 0.575848
0.220163 0.565197 0.214640
0.211943 0.211948 0.576109
0.211964 0.212024 0.576012
0.211942 0.211942 0.576117
0.211942 0.211942 0.576117
0.211942 0.211942 0.576117
0.211995 0.212142 0.575863
0.211945 0.211953 0.576102
0.211992 0.212129 0.575879
0.211965 0.212031 0.576004
0.211995 0.212141 0.575864
0.211942 0.211942 0.576117
0.212099 0.212532 0.575370
0.211942 0.211942 0.576117
0.211959 0.212006 0.576035
0.211943 0.211948 0.576108
0.211942 0.211942 0.576117
0.575259 0.212619 0.212122
0.211942 0.211942 0.576117
0.211973 0.212061 0.575966
0.211942 0.211942 0.576117
0.212331 0.213409 0.574260
0.211957 0.211999 0.576044
0.212043 0.212318 0.575639
0.576107 0.211946 0.211947
0.573814 0.213762 0.212424
0.211942 0.211942 0.576117
0.213117 0.212254 0.574629
0.211942 0.211942 0.576117
0.211971 0.212052 0.575976
0.211942 0.211942 0.576117
0.211948 0.211965 0.576088
0.211945 0.211956 0.576099
0.211942 0.211942 0.576117
0.212089 0.212494 0.575417
0.211947 0.211963 0.576090
0.211942 0.211944 0.576114
0.212169 0.212796 0.575036
0.212399 0.213669 0.573932
0.212059 0.212382 0.575558
0.211980 0.212086 0.575934
0.211965 0.212031 0.576003
0.211991 0.212128 0.575881
0.211982 0.212092 0.575927
0.211960 0.212010 0.576030
0.231475 0.430227 0.338298
0.211989 0.212118 0.575893
0.211942 0.211942 0.576117
0.211951 0.211975 0.576074
0.212007 0.212187 0.575805
0.211970 0.212047 0.575983
0.211942 0.576117 0.211942
0.212018 0.212229 0.575753
0.211942 0.211943 0.576115
0.211964 0.212027 0.576008
0.211954 0.211989 0.576057
0.211967 0.212036 0.575997
0.267302 0.295330 0.437368
0.211942 0.211945 0.576113
0.212279 0.213213 0.574507
0.211944 0.211952 0.576104
0.211942 0.211942 0.576117
0.213376 0.212323 0.574301
0.211942 0.211942 0.576117
0.211999 0.212158 0.575842
0.211942 0.211945 0.576113
0.211986 0.212109 0.575905
0.211942 0.211942 0.576117
0.211951 0.211976 0.576073
0.211955 0.211993 0.576051
0.211942 0.211942 0.576117
0.211942 0.211942 0.576117
0.211942 0.211942 0.576117
0.211942 0.211942 0.576117
0.571189 0.215844 0.212967
0.211978 0.212079 0.575943
0.211942 0.211942 0.576116
0.211968 0.212042 0.575990
0.211942 0.211942 0.576117
0.211960 0.212012 0.576027
0.211942 0.211942 0.576117
0.211942 0.211942 0.576117
0.211942 0.211942 0.576117
0.211942 0.211942 0.576117
0.228507 0.468600 0.302893
0.211942 0.211944 0.576114
0.211982 0.212094 0.575924
0.211959 0.212005 0.576036
0.211983 0.212097 0.575920
0.211990 0.212124 0.575886
0.220721 0.565076 0.214204
0.211944 0.211950 0.576106
0.211942 0.211942 0.576117
0.211994 0.212139 0.575866
0.211952 0.211981 0.576066
0.211943 0.211949 0.576108
0.211975 0.212066 0.575960
0.211968 0.212039 0.575993
0.211971 0.212052 0.575978
0.211963 0.212023 0.576014
0.233174 0.421018 0.345809
0.212016 0.212221 0.575763
0.212016 0.212220 0.575764
0.212006 0.212182 0.575812
0.211942 0.211942 0.576117
0.211969 0.212044 0.575987
0.212771 0.215087 0.572143
0.211942 0.211942 0.576117
0.211942 0.211942 0.576117
0.211944 0.211951 0.576105
0.211942 0.211942 0.576117
0.211942 0.211942 0.576117
0.211942 0.211943 0.576115
0.572719 0.213212 0.214069
0.211980 0.212085 0.575935
0.211942 0.211942 0.576117
0.211942 0.211942 0.576117
0.212252 0.213108 0.574640
0.212047 0.212337 0.575616
0.211957 0.212001 0.576042
0.211942 0.211942 0.576117
0.215790 0.227277 0.556932
0.211944 0.211949 0.576108
0.211942 0.211942 0.576117
0.211945 0.211955 0.576100
0.212216 0.212973 0.574812
0.211944 0.211950 0.576106
0.212000 0.212160 0.575840
0.211957 0.211997 0.576045
0.212032 0.212272 0.575696
0.211942 0.211942 0.576117
0.211942 0.211942 0.576116
0.211944 0.211951 0.576105
0.211944 0.211952 0.576104
0.211963 0.212022 0.576015
0.212005 0.212181 0.575814
0.212017 0.212224 0.575760
0.211946 0.211959 0.576094
0.211984 0.212099 0.575917
0.211950 0.211971 0.576079
0.211962 0.212018 0.576020
0.212023 0.212246 0.575732
0.212012 0.212207 0.575781
0.211988 0.212115 0.575897
0.211942 0.211942 0.576117
0.211942 0.211942 0.576117
0.211983 0.212098 0.575919
0.211942 0.211942 0.576117
0.211955 0.211993 0.576051
0.211957 0.212000 0.576043
0.212042 0.212319 0.575639
0.211948 0.211965 0.576087
0.211953 0.211985 0.576061
0.211983 0.212099 0.575918
0.212020 0.212235 0.575745
0.211983 0.212097 0.575920
0.231782 0.344945 0.423273
0.211942 0.211943 0.576115
0.211942 0.211942 0.576117
0.211942 0.211942 0.576117
0.211942 0.211942 0.576117
0.211942 0.211942 0.576117
0.211945 0.211953 0.576102
0.211942 0.211942 0.576117
0.211954 0.211989 0.576056
0.211942 0.211942 0.576117
0.211977 0.212075 0.575948
0.211942 0.211942 0.576116
0.212526 0.214149 0.573325
0.212041 0.212314 0.575645
0.212260 0.213141 0.574599
0.211959 0.212008 0.576033
0.211943 0.211946 0.576111
0.213025 0.216069 0.570906
0.212071 0.211976 0.575953
0.211942 0.211944 0.576114
0.211974 0.212063 0.575963
0.212008 0.212192 0.575799
0.212052 0.212353 0.575595
0.211943 0.211948 0.576109
0.211988 0.212117 0.575895
0.576013 0.212024 0.211963
0.211963 0.212023 0.576014
0.211954 0.211989 0.576057
0.211974 0.212065 0.575961
0.211956 0.211997 0.576046
0.211943 0.211947 0.576110
0.211969 0.212043 0.575988
0.212018 0.212227 0.575756
0.211944 0.211949 0.576108
0.211956 0.211995 0.576049
0.211999 0.212156 0.575845
0.211942 0.211942 0.576117
0.555129 0.228737 0.216134
0.211942 0.211942 0.576117
0.211959 0.212007 0.576034
0.211946 0.211960 0.576094
0.211944 0.211951 0.576105
0.212008 0.212191 0.575801
0.211944 0.211949 0.576107
0.212000 0.212160 0.575840
0.460202 0.310516 0.229282
0.211942 0.211942 0.576116
0.211942 0.211942 0.576117
0.211953 0.211945 0.576102
0.212009 0.212196 0.575795
0.212028 0.212266 0.575705
0.211954 0.211988 0.576058
0.211978 0.211951 0.576071
0.211969 0.212046 0.575984
0.211948 0.211965 0.576087
0.211982 0.212093 0.575925
0.212057 0.212375 0.575568
0.212226 0.213011 0.574763
0.211953 0.211983 0.576065
0.211942 0.211942 0.576117
0.211942 0.211942 0.576117
0.213582 0.218244 0.568175
0.211942 0.211942 0.576117
0.211942 0.211942 0.576117
0.211944 0.211951 0.576104
0.211961 0.212014 0.576025
0.211942 0.211942 0.576117
0.212141 0.212691 0.575168
0.212041 0.212316 0.575643
0.211944 0.211950 0.576106
0.232438 0.363130 0.404432
0.211992 0.212132 0.575876
0.239008 0.493479 0.267514
0.211942 0.211942 0.576117
0.212034 0.212288 0.575678
0.211942 0.211942 0.576117
0.211948 0.211966 0.576086
0.211969 0.212043 0.575988
0.211961 0.212013 0.576026
0.213447 0.217715 0.568838
0.227879 0.297264 0.474857
0.211994 0.212139 0.575866
0.211942 0.211945 0.576113
0.211942 0.211942 0.576117
0.211942 0.211942 0.576117
0.212001 0.212163 0.575836
0.212022 0.212243 0.575735
0.212042 0.212319 0.575639
0.211986 0.212110 0.575904
0.211942 0.211942 0.576117
0.211942 0.211942 0.576117
0.212058 0.212378 0.575564
0.211942 0.211942 0.576117
0.211942 0.211942 0.576117
0.212200 0.212913 0.574887
0.211995 0.212142 0.575863
0.212002 0.212140 0.575858
0.212173 0.212810 0.575017
0.211942 0.211942 0.576116
0.211942 0.211942 0.576117
0.211942 0.211942 0.576117
0.211942 0.211942 0.576117
0.211942 0.211942 0.576116
0.212008 0.212190 0.575803
0.211944 0.211950 0.576106
0.211984 0.212102 0.575913
0.211973 0.212059 0.575967
0.211942 0.211942 0.576117
0.212040 0.212311 0.575650
0.211951 0.211977 0.576072
0.211942 0.211942 0.576117
0.211942 0.211942 0.576117
0.211975 0.212069 0.575956
0.211942 0.211942 0.576117
0.212590 0.214396 0.573014
0.214121 0.220388 0.565490
0.211969 0.212045 0.575986
0.211942 0.211942 0.576117
0.211960 0.212011 0.576029
0.211947 0.211962 0.576090
0.211943 0.211942 0.576116
0.211942 0.211942 0.576117
0.212087 0.211980 0.575932
0.211950 0.211975 0.576075
0.211942 0.211942 0.576117
0.211947 0.211963 0.576090
0.211965 0.212027 0.576008
0.211945 0.211955 0.576099
0.212000 0.212160 0.575840
0.212960 0.215816 0.571224
0.211942 0.211942 0.576117
0.211942 0.211942 0.576117
0.211947 0.211963 0.576090
0.228891 0.306573 0.464535
0.211948 0.211964 0.576088
0.212010 0.212200 0.575790
0.211994 0.212137 0.575870
0.211988 0.212114 0.575899
0.212058 0.212378 0.575564
0.211967 0.212037 0.575996
0.211942 0.211942 0.576117
0.211998 0.212154 0.575848
0.234662 0.547862 0.217475
0.211946 0.211959 0.576095
0.211942 0.211942 0.576117
0.211997 0.212150 0.575853
0.211993 0.212135 0.575872
0.212044 0.212326 0.575630
0.211942 0.211945 0.576113
0.211963 0.212021 0.576016
0.212341 0.213445 0.574214
0.213037 0.216114 0.570849
0.216205 0.213644 0.570152
0.211942 0.211942 0.576117
0.211942 0.211943 0.576115
0.211943 0.211948 0.576108
0.212067 0.212413 0.575520
0.211979 0.212080 0.575941
0.211943 0.211947 0.576110
0.215735 0.227041 0.557225
0.212218 0.575347 0.212436
0.211993 0.212134 0.575873
0.212078 0.212452 0.575470
0.211943 0.211947 0.576110
0.211945 0.211954 0.576102
0.212037 0.212301 0.575662
0.212093 0.212511 0.575396
0.211942 0.211942 0.576117
0.211942 0.211942 0.576117
0.211942 0.211942 0.576117
0.211943 0.211947 0.576110
0.212073 0.212391 0.575536
0.211942 0.211942 0.576117
0.211942 0.211942 0.576117
0.211944 0.211949 0.576107
0.211967 0.212037 0.575996
0.211965 0.212029 0.576006
0.211942 0.211942 0.576117
0.212063 0.212398 0.575539
0.212001 0.212163 0.575836
0.212080 0.212460 0.575461
0.211959 0.212007 0.576034
0.212106 0.212561 0.575333
0.211942 0.211942 0.576117
0.211942 0.211942 0.576117
0.211947 0.211963 0.576090
0.212010 0.212199 0.575791
0.211942 0.211942 0.576117
0.212411 0.213712 0.573877
0.575999 0.212034 0.211966
0.211942 0.211942 0.576117
0.216131 0.228732 0.555137
0.211968 0.212042 0.575989
0.211985 0.212105 0.575910
0.211950 0.211973 0.576077
0.213042 0.216134 0.570824
0.211961 0.212015 0.576024
0.211981 0.212088 0.575932
0.211942 0.211942 0.576117
0.211954 0.211987 0.576060
0.211952 0.211982 0.576066
0.555411 0.228503 0.216087
0.211942 0.211944 0.576114
0.211960 0.212012 0.576028
0.211956 0.211997 0.576047
0.232494 0.365491 0.402015
0.212003 0.212170 0.575827
0.211960 0.212009 0.576031
0.211942 0.211942 0.576117
0.211942 0.211942 0.576117
0.211993 0.212135 0.575872
0.212422 0.213754 0.573824
0.211942 0.211942 0.576117
0.212135 0.212659 0.575206
0.211974 0.212065 0.575961
0.211998 0.212152 0.575850
0.211967 0.212036 0.575997
0.211943 0.211947 0.576111
0.211987 0.212110 0.575903
0.211943 0.211945 0.576112
0.211974 0.212064 0.575961
0.211956 0.211997 0.576046
0.211958 0.212005 0.576037
0.211980 0.212084 0.575936
0.211949 0.211971 0.576080
0.211942 0.211942 0.576117
0.212415 0.213727 0.573858
0.211984 0.212102 0.575913
0.211975 0.212069 0.575956
0.232309 0.357851 0.409839
0.211946 0.211959 0.576095
0.211942 0.211942 0.576117
0.211942 0.211943 0.576115
0.211990 0.212125 0.575885
0.211945 0.211955 0.576100
0.211995 0.212143 0.575862
0.211961 0.212014 0.576025
0.211977 0.212075 0.575948
0.211942 0.211942 0.576116
0.211942 0.211942 0.576117
0.211942 0.211942 0.576117
0.211942 0.211942 0.576117
0.211942 0.211944 0.576113
0.211995 0.212141 0.575864
0.211942 0.211942 0.576117
0.212028 0.212255 0.575716
0.212189 0.212872 0.574939
0.211952 0.211979 0.576069
0.211943 0.211948 0.576109
0.211991 0.212127 0.575882
0.211986 0.212109 0.575905
0.212089 0.212494 0.575418
0.211948 0.211966 0.576086
0.212087 0.212487 0.575426
0.211942 0.211942 0.576117
0.211997 0.212149 0.575855
0.566237 0.219791 0.213972
0.211942 0.211942 0.576117
0.211942 0.211942 0.576117
0.211942 0.211942 0.576117
0.211972 0.212055 0.575973
0.211976 0.212070 0.575955
0.211986 0.212109 0.575905
0.212205 0.212932 0.574862
0.211981 0.212088 0.575931
0.212045 0.212330 0.575625
0.211949 0.211970 0.576080
0.211974 0.212062 0.575964
0.211960 0.212012 0.576028
0.212057 0.212375 0.575568
0.211942 0.211942 0.576117
0.212033 0.212285 0.575682
0.211950 0.211972 0.576079
0.212032 0.212282 0.575686
0.211967 0.212037 0.575996
0.211950 0.211973 0.576077
0.212004 0.212177 0.575819
0.212730 0.212151 0.575119
0.212060 0.212385 0.575555
0.211942 0.211942 0.576117
0.212255 0.213121 0.574624
0.212048 0.212340 0.575612
0.211948 0.211965 0.576088
0.211960 0.212010 0.576030
0.212357 0.213507 0.574136
0.211946 0.211958 0.576097
0.212006 0.212185 0.575809
0.212725 0.212150 0.575125
0.212103 0.212548 0.575348
0.211987 0.211954 0.576059
0.211942 0.211942 0.576117
0.211942 0.211942 0.576117
0.227723 0.295507 0.476770
0.211946 0.211958 0.576096
0.212049 0.212344 0.575607
0.212448 0.213854 0.573698
0.211958 0.212003 0.576039
0.212013 0.212210 0.575777
0.211991 0.212125 0.575884
0.212023 0.212247 0.575729
0.212004 0.212174 0.575823
0.211954 0.211986 0.576060
0.211979 0.212083 0.575938
0.211968 0.211949 0.576083
0.211942 0.211942 0.576117
0.211956 0.576092 0.211951
0.211942 0.211942 0.576117
0.212049 0.212344 0.575608
0.211973 0.212058 0.575970
0.211985 0.212104 0.575911
0.211942 0.211942 0.576117
0.212018 0.212228 0.575755
0.211953 0.211984 0.576063
0.211949 0.211969 0.576082
0.212097 0.211983 0.575920
0.211953 0.211985 0.576062
0.212087 0.212486 0.575427
0.211942 0.211942 0.576117
0.211942 0.211943 0.576115
0.212097 0.212527 0.575376
0.212001 0.212165 0.575833
0.211947 0.211961 0.576092
0.211942 0.211942 0.576117
0.211947 0.211963 0.576090
0.211952 0.211980 0.576068
0.212251 0.213107 0.574642
0.211991 0.212128 0.575881
0.211942 0.211942 0.576117
0.248041 0.492226 0.259733
0.211981 0.212088 0.575932
0.212003 0.212173 0.575823
0.212010 0.212199 0.575791
0.212208 0.212942 0.574850
0.211942 0.211944 0.576113
0.211942 0.211942 0.576117
0.212011 0.212201 0.575788
0.211985 0.212104 0.575911
0.211951 0.211977 0.576072
0.211942 0.211942 0.576116
0.211945 0.211954 0.576101
0.212279 0.213211 0.574511
0.216353 0.213099 0.570548
0.211942 0.211942 0.576117
0.211942 0.211944 0.576114
0.211945 0.211955 0.576099
0.211942 0.211942 0.576117
0.211942 0.211942 0.576117
0.212199 0.212909 0.574892
0.211998 0.212153 0.575849
0.211942 0.211942 0.576117
0.211942 0.211942 0.576117
0.211988 0.212117 0.575894
0.211993 0.212134 0.575874
0.211946 0.211956 0.576098
0.211981 0.212091 0.575927
0.211951 0.211976 0.576073
0.212080 0.212448 0.575472
0.211942 0.211942 0.576117
0.211942 0.211942 0.576117
0.211976 0.212069 0.575956
0.211947 0.211961 0.576092
0.212012 0.212204 0.575784
0.211973 0.212060 0.575967
0.211988 0.212115 0.575897
0.224530 0.503061 0.272409
0.211942 0.211942 0.576117
0.211942 0.211942 0.576117
0.211964 0.212025 0.576012
0.211942 0.211942 0.576117
0.211985 0.212104 0.575910
0.435358 0.333507 0.231135
0.211942 0.211942 0.576117
0.211944 0.211950 0.576107
0.212027 0.212264 0.575709
0.212004 0.212174 0.575822
0.211942 0.211942 0.576117
0.212721 0.214896 0.572384
0.211942 0.211943 0.576115
0.247648 0.528574 0.223778
0.212045 0.212331 0.575624
0.211987 0.212112 0.575900
0.211974 0.212064 0.575962
0.211954 0.211987 0.576060
0.211942 0.211942 0.576117
0.211942 0.211942 0.576117
0.215441 0.559306 0.225253
0.211943 0.211948 0.576109
0.211986 0.212107 0.575907
0.211962 0.212017 0.576022
0.212048 0.212340 0.575613
0.212015 0.212218 0.575767
0.211942 0.211942 0.576117
0.211963 0.212020 0.576017
0.211982 0.212093 0.575926
0.211953 0.211985 0.576062
0.211954 0.211989 0.576056
0.211942 0.211944 0.576114
0.264575 0.223269 0.512156
0.211942 0.211942 0.576117
0.526844 0.251941 0.221215
0.211942 0.211942 0.576117
0.211946 0.211957 0.576097
0.212011 0.211960 0.576028
0.211942 0.211942 0.576117
0.211942 0.211942 0.576117
0.211976 0.212072 0.575952
0.211942 0.211942 0.576117
0.212110 0.212573 0.575317
0.212452 0.213863 0.573684
0.211942 0.211942 0.576117
0.211988 0.212114 0.575899
0.211942 0.211942 0.576117
0.211971 0.212052 0.575976
0.212048 0.212341 0.575610
0.213555 0.218137 0.568308
0.211942 0.211942 0.576117
0.211942 0.211942 0.576117
0.211942 0.211942 0.576117
0.212387 0.213581 0.574033
0.211942 0.211942 0.576117
0.211942 0.211942 0.576117
0.211942 0.211943 0.576115
0.212001 0.212166 0.575833
0.211942 0.211944 0.576113
0.211942 0.211942 0.576116
0.211950 0.211974 0.576076
0.211991 0.212128 0.575881
0.211981 0.212090 0.575929
0.211942 0.211942 0.576117
0.211944 0.211949 0.576108
0.212023 0.212246 0.575732
0.211942 0.211942 0.576117
0.211942 0.211942 0.576117
0.211955 0.211992 0.576053
0.228672 0.232497 0.538831
0.212010 0.212199 0.575791
0.211997 0.212145 0.575858
0.211942 0.211944 0.576114
0.211950 0.211973 0.576077
0.211942 0.211942 0.576117
0.211942 0.211942 0.576117
0.211942 0.211942 0.576117
0.211992 0.212132 0.575876
0.211942 0.211942 0.576117
0.211942 0.211942 0.576117
0.211945 0.211953 0.576102
0.211988 0.212115 0.575897
0.564939 0.220829 0.214232
0.211958 0.212005 0.576037
0.211953 0.211985 0.576062
0.211942 0.211942 0.576117
0.212157 0.212750 0.575093
0.211983 0.212099 0.575918
0.211945 0.211954 0.576101
0.212023 0.212248 0.575729
0.211972 0.212056 0.575972
0.211975 0.212066 0.575959
0.211942 0.211942 0.576117
0.211942 0.211942 0.576117
0.212003 0.212172 0.575824
0.576045 0.211998 0.211957
0.211948 0.211966 0.576086
0.211984 0.212102 0.575914
0.212089 0.212491 0.575420
0.213607 0.218341 0.568052
0.212089 0.212494 0.575418
0.211962 0.212018 0.576020
0.211964 0.212027 0.576009
0.211950 0.211972 0.576079
0.211946 0.211957 0.576097
0.211942 0.211942 0.576117
0.212022 0.212242 0.575736
0.211950 0.211972 0.576079
0.211964 0.212026 0.576010
0.211942 0.211942 0.576117
0.212024 0.212250 0.575726
0.211942 0.211943 0.576116
0.211950 0.211972 0.576078
0.211949 0.211971 0.576079
0.211944 0.211952 0.576104
0.211942 0.211942 0.576117
0.212279 0.213211 0.574510
0.212081 0.212464 0.575455
0.212312 0.575648 0.212040
0.211947 0.211962 0.576091
0.212029 0.212270 0.575701
0.211948 0.211966 0.576086
0.211942 0.211945 0.576113
0.211968 0.212041 0.575991
0.211942 0.211942 0.576117
0.211954 0.211990 0.576056
0.212353 0.213494 0.574153
0.211958 0.212002 0.576040
0.211962 0.212018 0.576020
0.211958 0.211998 0.576043
0.211961 0.576092 0.211947
0.216708 0.213740 0.569552
0.211986 0.212106 0.575908
0.212276 0.213114 0.574610
0.211961 0.212015 0.576024
0.211987 0.212111 0.575902
0.211945 0.211943 0.576112
0.211949 0.211969 0.576082
0.214979 0.220088 0.564933
0.211942 0.211942 0.576116
0.212056 0.212369 0.575575
0.211948 0.211965 0.576087
0.211977 0.212069 0.575955
0.211952 0.211983 0.576065
0.212057 0.212373 0.575571
0.211987 0.212112 0.575901
0.211942 0.211942 0.576117
0.211942 0.211942 0.576117
0.211942 0.211942 0.576117
0.211942 0.211942 0.576117
0.211943 0.211942 0.576115
0.567789 0.213660 0.218551
0.211990 0.212123 0.575887
0.211942 0.211942 0.576117
0.211942 0.211942 0.576117
0.211942 0.211942 0.576117
0.211955 0.211991 0.576054
0.211942 0.211942 0.576117
0.211972 0.212054 0.575975
0.211970 0.212047 0.575984
0.211950 0.211973 0.576077
0.211946 0.211960 0.576094
0.212052 0.212354 0.575594
0.211949 0.211970 0.576080
0.212059 0.212383 0.575558
0.211942 0.211942 0.576117
0.211975 0.212067 0.575958
0.211942 0.211942 0.576117
0.211942 0.211942 0.576116
0.211942 0.211942 0.576117
0.211958 0.212003 0.576039
0.211965 0.212030 0.576005
0.211953 0.211983 0.576064
0.235207 0.239904 0.524890
0.211948 0.211965 0.576087
0.211975 0.212067 0.575957
0.211970 0.212048 0.575982
0.212046 0.212332 0.575623
0.213985 0.212483 0.573533
0.212038 0.212304 0.575658
0.573948 0.213656 0.212396
0.573925 0.213674 0.212401
0.211962 0.212019 0.576019
0.211950 0.211974 0.576076
0.211942 0.211942 0.576117
0.211942 0.211942 0.576117
0.211942 0.211942 0.576117
0.218239 0.238170 0.543591
0.211954 0.211987 0.576060
0.226190 0.282848 0.490962
0.213065 0.216224 0.570711
0.212008 0.212176 0.575816
0.212000 0.212160 0.575841
0.212077 0.212451 0.575472
0.212480 0.213972 0.573549
0.212479 0.213728 0.573793
0.218491 0.239039 0.542470
0.211942 0.211942 0.576117
0.211942 0.211942 0.576117
0.213109 0.216390 0.570501
0.211942 0.211942 0.576117
0.211942 0.211942 0.576117
0.211942 0.211942 0.576117
0.211942 0.211942 0.576117
0.211957 0.211999 0.576044
0.212838 0.215174 0.571989
0.212893 0.215558 0.571549
0.211975 0.212065 0.575960
0.211967 0.212036 0.575997
0.211958 0.212002 0.576040
0.211959 0.212007 0.576033
0.212088 0.212491 0.575421
0.211942 0.211942 0.576117
0.211959 0.212007 0.576034
0.211943 0.211948 0.576108
0.211942 0.211942 0.576117
0.212045 0.212329 0.575626
0.211942 0.211942 0.576117
0.211942 0.211942 0.576117
0.211954 0.211986 0.576060
0.211942 0.211942 0.576117
0.211954 0.211989 0.576057
0.211972 0.212055 0.575974
0.211942 0.211942 0.576116
0.211972 0.212056 0.575972
0.217268 0.233730 0.549002
0.212011 0.212203 0.575785
0.211948 0.211965 0.576087
0.212037 0.212300 0.575662
0.211942 0.211943 0.576115
0.211972 0.212055 0.575973
0.211942 0.211942 0.576117
0.211942 0.211942 0.576117
0.211942 0.211942 0.576117
0.212089 0.212496 0.575414
0.211942 0.211942 0.576117
0.212028 0.212265 0.575707
0.211944 0.211942 0.576114
0.575323 0.212569 0.212109
0.211942 0.211942 0.576117
0.215546 0.558234 0.226220
0.211942 0.211942 0.576117
0.211944 0.211951 0.576105
0.211971 0.212050 0.575979
0.211962 0.212019 0.576019
0.211986 0.212107 0.575908
0.211994 0.212138 0.575868
0.212360 0.213520 0.574120
0.211942 0.211942 0.576116
0.213010 0.215842 0.571148
0.211942 0.211942 0.576117
0.211942 0.211944 0.576114
0.211942 0.211942 0.576116
0.211945 0.211953 0.576102
0.211976 0.212071 0.575953
0.211962 0.212017 0.576021
0.211995 0.212141 0.575865
0.211954 0.211986 0.576060
0.212017 0.212225 0.575758
0.211952 0.211982 0.576066
0.212101 0.212539 0.575361
0.211988 0.212114 0.575898
0.212020 0.212236 0.575743
0.211949 0.211970 0.576081
0.211972 0.212057 0.575971
0.211967 0.212038 0.575994
0.212185 0.212859 0.574956
0.211958 0.212005 0.576037
0.211943 0.211948 0.576108
0.211942 0.211942 0.576117
0.211962 0.212019 0.576019
0.212009 0.212195 0.575796
0.211942 0.211942 0.576117
0.218546 0.239576 0.541878
0.211960 0.212010 0.576030
0.211942 0.211944 0.576113
0.211945 0.211956 0.576099
0.211973 0.212059 0.575968
0.211982 0.212091 0.575927
0.212342 0.213451 0.574207
0.212119 0.212607 0.575274
0.212177 0.212827 0.574996
0.211984 0.212101 0.575915
0.211952 0.211981 0.576066
0.211983 0.212097 0.575919
0.211942 0.211942 0.576117
0.211957 0.211998 0.576045
0.211942 0.211942 0.576117
0.211959 0.212006 0.576035
0.211949 0.211968 0.576084
0.211942 0.211942 0.576117
0.211965 0.212028 0.576008
0.211959 0.212007 0.576034
0.211945 0.211954 0.576102
0.211971 0.212053 0.575975
0.211950 0.211974 0.576076
0.211983 0.212098 0.575919
0.212017 0.212223 0.575760
0.211968 0.212041 0.575990
0.212037 0.212300 0.575662
0.211942 0.211942 0.576117
0.567789 0.218550 0.213661
0.211999 0.212158 0.575842
0.211945 0.211955 0.576100
0.213612 0.218362 0.568026
0.212402 0.213323 0.574276
0.211948 0.211966 0.576086
0.212034 0.212290 0.575676
0.212074 0.212439 0.575487
0.211977 0.212075 0.575948
0.211946 0.211959 0.576095
0.212012 0.212206 0.575782
0.211956 0.211994 0.576050
0.212006 0.212184 0.575810
0.211970 0.212049 0.575981
0.211957 0.211999 0.576045
0.211986 0.212107 0.575907
0.212271 0.213183 0.574545
0.211979 0.212081 0.575940
0.576063 0.211984 0.211953
0.211942 0.211943 0.576115
0.211961 0.212015 0.576024
0.211950 0.211975 0.576075
