0.213081 0.216283 0.570636
0.211946 0.211960 0.576094
0.211942 0.211942 0.576117
0.211952 0.211980 0.576068
0.211943 0.211948 0.576109
0.211951 0.211978 0.576071
0.211944 0.211950 0.576106
0.211944 0.211952 0.576103
0.211944 0.211952 0.576104
0.212053 0.212360 0.575587
0.573093 0.214333 0.212574
0.211942 0.211942 0.576117
0.211944 0.211950 0.576106
0.212219 0.212984 0.574797
0.211963 0.212023 0.576014
0.211944 0.211952 0.576103
0.211942 0.211942 0.576117
0.211942 0.211942 0.576117
0.211942 0.211942 0.576117
0.211946 0.211958 0.576096
0.211945 0.211953 0.576102
0.211945 0.211956 0.576099
0.215290 0.225169 0.559541
0.211942 0.211945 0.576113
0.211944 0.211949 0.576107
0.211942 0.211943 0.576115
0.227699 0.556380 0.215921
0.212089 0.575423 0.212488
0.212930 0.215691 0.571379
0.211948 0.211966 0.576086
0.211942 0.211942 0.576117
0.211942 0.211942 0.576117
0.211942 0.211942 0.576117
0.211957 0.211998 0.576045
0.211945 0.211954 0.576101
0.211944 0.211949 0.576107
0.211942 0.211942 0.576117
0.211942 0.211942 0.576117
0.211957 0.212000 0.576043
0.213844 0.216286 0.569870
0.211944 0.211951 0.576105
0.212073 0.212435 0.575492
0.211943 0.211947 0.576110
0.211949 0.211968 0.576083
0.211945 0.211955 0.576100
0.211944 0.211950 0.576106
0.211946 0.211959 0.576095
0.211971 0.212052 0.575977
0.211946 0.211957 0.576097
0.211995 0.212112 0.575893
0.211987 0.212110 0.575903
0.211949 0.211969 0.576082
0.211956 0.211997 0.576047
0.211946 0.211957 0.576097
0.254074 0.524503 0.221423
0.211942 0.211942 0.576117
0.232636 0.373729 0.393634
0.211942 0.211942 0.576117
0.211942 0.211942 0.576116
0.211960 0.212010 0.576030
0.211948 0.211968 0.576084
0.211996 0.212147 0.575857
0.211952 0.211979 0.576070
0.211942 0.211942 0.576117
0.211948 0.211967 0.576084
0.211960 0.212011 0.576030
0.211943 0.211948 0.576109
0.211942 0.211943 0.576114
0.213011 0.570978 0.216012
0.217408 0.569208 0.213384
0.212109 0.212528 0.575363
0.211942 0.211942 0.576117
0.211942 0.211942 0.576117
0.211942 0.211942 0.576117
0.211981 0.212091 0.575928
0.211957 0.211998 0.576045
0.211942 0.211942 0.576117
0.211944 0.211951 0.576105
0.211942 0.211942 0.576117
0.211952 0.211982 0.576066
0.211942 0.211942 0.576117
0.211942 0.211942 0.576117
0.214968 0.212740 0.572292
0.211945 0.211953 0.576102
0.211948 0.211967 0.576085
0.211944 0.211950 0.576107
0.211943 0.211949 0.576108
0.211953 0.211984 0.576063
0.212016 0.212222 0.575762
0.211949 0.211970 0.576081
0.564481 0.221197 0.214322
0.211942 0.211942 0.576117
0.211944 0.211952 0.576104
0.211942 0.211942 0.576117
0.211942 0.211942 0.576116
0.211942 0.211942 0.576117
0.211942 0.211942 0.576117
0.211948 0.211943 0.576109
0.211943 0.211942 0.576115
0.211945 0.211954 0.576101
0.211942 0.211942 0.576117
0.211977 0.212055 0.575968
0.211942 0.211942 0.576117
0.211961 0.212014 0.576025
0.211943 0.211947 0.576110
0.211948 0.211967 0.576085
0.211946 0.211959 0.576094
0.211942 0.576116 0.211942
0.211982 0.212087 0.575931
0.211960 0.212010 0.576030
0.212076 0.212448 0.575476
0.211952 0.211981 0.576067
0.211943 0.211947 0.576110
0.211955 0.211992 0.576053
0.211943 0.211945 0.576112
0.212033 0.212285 0.575682
0.212115 0.212592 0.575294
0.211944 0.211949 0.576107
0.212046 0.212335 0.575619
0.211947 0.211962 0.576091
0.211963 0.212022 0.576014
0.211942 0.211942 0.576117
0.212632 0.212125 0.575243
0.211944 0.211952 0.576104
0.211948 0.211965 0.576087
0.213693 0.218682 0.567625
0.211944 0.211952 0.576104
0.212164 0.212037 0.575799
0.211947 0.211961 0.576092
0.211949 0.211969 0.576083
0.211944 0.211951 0.576105
0.211956 0.211995 0.576049
0.211981 0.212090 0.575929
0.211960 0.212010 0.576030
0.211942 0.211942 0.576117
0.227825 0.296793 0.475382
0.576069 0.211979 0.211952
0.211948 0.211966 0.576086
0.211971 0.212054 0.575975
0.211950 0.211974 0.576075
0.211945 0.211955 0.576100
0.211942 0.211942 0.576117
0.211951 0.211976 0.576074
0.215018 0.224034 0.560948
0.211952 0.211979 0.576070
0.211952 0.211979 0.576070
0.212036 0.212295 0.575669
0.231411 0.337991 0.430598
0.212027 0.212260 0.575713
0.212068 0.212350 0.575582
0.211962 0.212019 0.576018
0.211989 0.212119 0.575892
0.211946 0.211958 0.576096
0.211943 0.211948 0.576109
0.211942 0.211942 0.576117
0.211950 0.211972 0.576079
0.221061 0.251990 0.526949
0.211944 0.211951 0.576105
0.211942 0.211944 0.576114
0.212060 0.212385 0.575556
0.211942 0.211942 0.576117
0.211959 0.212007 0.576033
0.211942 0.211942 0.576117
0.211950 0.211972 0.576079
0.211953 0.211985 0.576062
0.211943 0.211948 0.576109
0.212519 0.214122 0.573359
0.569006 0.217581 0.213413
0.212007 0.212189 0.575804
0.211942 0.211942 0.576117
0.211966 0.212018 0.576016
0.571456 0.215632 0.212912
0.211954 0.211990 0.576056
0.212205 0.212933 0.574862
0.211942 0.211942 0.576117
0.212486 0.213998 0.573517
0.575047 0.212787 0.212166
0.211965 0.212029 0.576006
0.211953 0.211983 0.576064
0.212059 0.212384 0.575557
0.211956 0.211997 0.576047
0.211946 0.211957 0.576097
0.211942 0.211943 0.576115
0.211966 0.212032 0.576002
0.211956 0.211996 0.576048
0.211946 0.211959 0.576095
0.211942 0.211944 0.576113
0.211967 0.212039 0.575994
0.211945 0.211954 0.576102
0.212501 0.214054 0.573445
0.211989 0.212120 0.575891
0.211952 0.211980 0.576068
0.212037 0.212046 0.575917
0.211945 0.211955 0.576099
0.224240 0.270553 0.505206
0.211945 0.211956 0.576098
0.212233 0.213035 0.574732
0.211943 0.211947 0.576109
0.211942 0.211942 0.576116
0.211944 0.211950 0.576106
0.211947 0.211948 0.576105
0.211951 0.211978 0.576071
0.212017 0.212224 0.575758
0.211943 0.211947 0.576110
0.211946 0.211959 0.576095
0.211942 0.211943 0.576115
0.211949 0.211971 0.576080
0.211942 0.211942 0.576117
0.211942 0.211942 0.576116
0.211942 0.211942 0.576117
0.211942 0.211942 0.576117
0.211942 0.211942 0.576117
0.211992 0.212129 0.575879
0.211948 0.211965 0.576088
0.211942 0.211942 0.576117
0.211942 0.211942 0.576117
0.211943 0.211946 0.576112
0.211942 0.211942 0.576117
0.211942 0.211943 0.576115
0.211958 0.212002 0.576040
0.211943 0.211946 0.576112
0.211942 0.211944 0.576114
0.211958 0.212003 0.576040
0.212067 0.212414 0.575519
0.211942 0.211942 0.576117
0.211958 0.212001 0.576041
0.211942 0.211942 0.576117
0.211942 0.211942 0.576117
0.211954 0.211990 0.576056
0.211943 0.211949 0.576108
0.211946 0.211957 0.576098
0.211950 0.211974 0.576075
0.211944 0.211953 0.576103
0.211951 0.211977 0.576071
0.213091 0.215768 0.571141
0.574369 0.213323 0.212308
0.212002 0.212167 0.575831
0.211942 0.211942 0.576116
0.212061 0.212390 0.575549
0.211985 0.212103 0.575913
0.211958 0.212003 0.576039
0.211942 0.211942 0.576117
0.211952 0.211979 0.576070
0.211942 0.211942 0.576117
0.211997 0.212148 0.575856
0.211942 0.211942 0.576116
0.211942 0.211942 0.576117
0.211943 0.211947 0.576110
0.212144 0.212697 0.575159
0.212343 0.213454 0.574204
0.211944 0.211950 0.576107
0.211961 0.212016 0.576023
0.212005 0.212180 0.575815
0.211942 0.211942 0.576117
0.211942 0.211942 0.576117
0.211942 0.211942 0.576117
0.211942 0.211942 0.576117
0.211942 0.211942 0.576117
0.211945 0.211954 0.576102
0.211970 0.212048 0.575982
0.211966 0.212034 0.576000
0.212001 0.212163 0.575836
0.211954 0.211990 0.576056
0.211942 0.211942 0.576117
0.212008 0.211968 0.576024
0.211942 0.211942 0.576117
0.212917 0.215649 0.571434
0.211942 0.211942 0.576117
0.211980 0.212086 0.575934
0.211953 0.211983 0.576064
0.211942 0.211943 0.576115
0.211943 0.211945 0.576112
0.211946 0.211959 0.576095
0.211953 0.211986 0.576060
0.211943 0.211946 0.576112
0.211948 0.211964 0.576088
0.211943 0.211947 0.576110
0.426656 0.231604 0.341740
0.211962 0.212018 0.576021
0.211952 0.211979 0.576069
0.212288 0.212034 0.575678
0.211979 0.212083 0.575938
0.232838 0.381310 0.385853
0.211949 0.211970 0.576080
0.211943 0.211946 0.576112
0.211942 0.211944 0.576114
0.215791 0.227281 0.556928
0.211948 0.211967 0.576085
0.211942 0.211944 0.576113
0.211947 0.211960 0.576093
0.211942 0.211942 0.576117
0.211946 0.211959 0.576095
0.211942 0.211944 0.576114
0.211949 0.211968 0.576083
0.211942 0.211943 0.576115
0.211942 0.211942 0.576117
0.211943 0.211947 0.576109
0.211942 0.211942 0.576117
0.211943 0.211946 0.576112
0.211948 0.211967 0.576084
0.211989 0.212120 0.575891
0.211944 0.211950 0.576106
0.211942 0.211944 0.576114
0.211946 0.211957 0.576098
0.575588 0.212053 0.212359
0.211942 0.211942 0.576117
0.211942 0.211943 0.576115
0.212177 0.212825 0.574998
0.211942 0.211942 0.576117
0.211991 0.212128 0.575880
0.211944 0.211950 0.576106
0.211942 0.211942 0.576117
0.211942 0.211943 0.576115
0.211942 0.211945 0.576113
0.211942 0.211942 0.576117
0.212228 0.213019 0.574754
0.211943 0.211946 0.576111
0.211946 0.211957 0.576097
0.211942 0.211942 0.576116
0.211993 0.212134 0.575873
0.211958 0.212004 0.576038
0.212840 0.215353 0.571807
0.211943 0.211947 0.576110
0.211974 0.212063 0.575963
0.211952 0.211982 0.576066
0.211964 0.212014 0.576022
0.211947 0.211963 0.576089
0.212048 0.212339 0.575613
0.211942 0.211942 0.576117
0.211951 0.211977 0.576071
0.211942 0.211945 0.576113
0.211950 0.211973 0.576078
0.211942 0.211942 0.576117
0.211943 0.211946 0.576112
0.211942 0.211942 0.576117
0.211943 0.211947 0.576111
0.211966 0.212032 0.576002
0.211942 0.211943 0.576114
0.211950 0.211974 0.576075
0.211953 0.211985 0.576062
0.213122 0.216346 0.570533
0.211943 0.211946 0.576112
0.429233 0.339285 0.231482
0.211942 0.211943 0.576116
0.211954 0.211987 0.576060
0.211953 0.211985 0.576062
0.211946 0.211958 0.576096
0.211943 0.211947 0.576111
0.212332 0.213412 0.574256
0.212252 0.213109 0.574639
0.211957 0.212000 0.576043
0.211945 0.211956 0.576099
0.212021 0.212241 0.575738
0.211953 0.211984 0.576064
0.211961 0.212015 0.576024
0.211946 0.211958 0.576096
0.211952 0.211979 0.576069
0.211969 0.212044 0.575987
0.211963 0.212022 0.576014
0.211976 0.212071 0.575953
0.227602 0.485895 0.286503
0.212020 0.212236 0.575743
0.211962 0.212020 0.576018
0.212041 0.212314 0.575645
0.211943 0.211946 0.576111
0.211942 0.211942 0.576117
0.211958 0.212003 0.576039
0.211955 0.211993 0.576052
0.211944 0.211950 0.576106
0.211960 0.212011 0.576028
0.211962 0.212018 0.576020
0.211946 0.211956 0.576098
0.211945 0.211953 0.576102
0.211942 0.211942 0.576117
0.211942 0.211945 0.576113
0.212138 0.212679 0.575184
0.388381 0.232683 0.378936
0.211943 0.211948 0.576109
0.212521 0.214132 0.573347
0.211943 0.211948 0.576109
0.211942 0.211944 0.576114
0.211948 0.211966 0.576086
0.211942 0.211942 0.576117
0.211949 0.576101 0.211950
0.211948 0.211965 0.576087
0.211951 0.211977 0.576072
0.211942 0.211942 0.576117
0.211955 0.211993 0.576051
0.211950 0.211973 0.576078
0.211942 0.211942 0.576117
0.213090 0.216321 0.570589
0.211950 0.211975 0.576075
0.211950 0.211975 0.576075
0.211942 0.211942 0.576117
0.211942 0.211942 0.576117
0.211950 0.211974 0.576076
0.211944 0.211949 0.576107
0.211942 0.211942 0.576117
0.211945 0.211954 0.576102
0.212016 0.212219 0.575765
0.211943 0.211946 0.576111
0.211947 0.211963 0.576090
0.212030 0.212273 0.575697
0.211943 0.211945 0.576112
0.211953 0.211986 0.576061
0.211948 0.211965 0.576087
0.212345 0.575021 0.212634
0.211942 0.211942 0.576117
0.211942 0.211942 0.576117
0.211945 0.211956 0.576099
0.211945 0.211953 0.576102
0.211942 0.211944 0.576114
0.211960 0.212012 0.576027
0.575969 0.212058 0.211973
0.211967 0.212038 0.575994
0.211942 0.211942 0.576117
0.212205 0.212931 0.574865
0.211951 0.211975 0.576074
0.212601 0.214436 0.572963
0.211943 0.211946 0.576112
0.211944 0.211951 0.576105
0.211942 0.211942 0.576117
0.211968 0.212039 0.575993
0.211942 0.211942 0.576117
0.211942 0.211942 0.576116
0.227615 0.293245 0.479140
0.212018 0.212229 0.575753
0.211942 0.211942 0.576117
0.211947 0.211961 0.576092
0.211996 0.212145 0.575859
0.211942 0.211944 0.576114
0.211943 0.211947 0.576110
0.211943 0.211946 0.576111
0.211942 0.211942 0.576117
0.211943 0.211947 0.576111
0.212518 0.214118 0.573364
0.211987 0.212111 0.575902
0.211942 0.211944 0.576113
0.212032 0.212282 0.575685
0.212137 0.212675 0.575188
0.211942 0.211942 0.576117
0.211943 0.211946 0.576112
0.211942 0.211942 0.576117
0.212321 0.213372 0.574307
0.211988 0.212117 0.575895
0.213070 0.216243 0.570687
0.211945 0.211953 0.576103
0.212217 0.212979 0.574803
0.212033 0.212284 0.575683
0.211942 0.211942 0.576117
0.211944 0.211950 0.576106
0.211944 0.211949 0.576107
0.211945 0.211954 0.576101
0.212361 0.213521 0.574118
0.212043 0.212324 0.575633
0.212014 0.212213 0.575773
0.211944 0.211952 0.576104
0.211963 0.212023 0.576013
0.211942 0.211942 0.576117
0.212008 0.212192 0.575799
0.211977 0.212076 0.575947
0.211942 0.211942 0.576117
0.212033 0.212283 0.575684
0.213995 0.219880 0.566125
0.211945 0.211954 0.576101
0.211944 0.211952 0.576104
0.212163 0.212605 0.575232
0.211962 0.212020 0.576018
0.211943 0.211946 0.576111
0.211988 0.212114 0.575898
0.212042 0.212317 0.575641
0.211977 0.212073 0.575950
0.211955 0.211993 0.576051
0.211944 0.211950 0.576106
0.211942 0.211942 0.576117
0.211942 0.211942 0.576117
0.211942 0.211942 0.576117
0.211942 0.211942 0.576117
0.211942 0.211942 0.576117
0.248279 0.220312 0.531410
0.211942 0.211942 0.576117
0.211943 0.211948 0.576108
0.211947 0.211961 0.576092
0.211942 0.211942 0.576117
0.211944 0.211952 0.576104
0.211955 0.211993 0.576051
0.211947 0.211962 0.576091
0.211962 0.212016 0.576022
0.211946 0.211959 0.576095
0.211955 0.211978 0.576067
0.211963 0.211947 0.576090
0.211999 0.212157 0.575844
0.211942 0.211942 0.576117
0.211997 0.212151 0.575852
0.211947 0.211961 0.576093
0.213579 0.218231 0.568190
0.211945 0.211955 0.576099
0.211950 0.211974 0.576076
0.211948 0.211965 0.576087
0.211947 0.211961 0.576092
0.211943 0.211947 0.576110
0.575771 0.212215 0.212015
0.213437 0.217668 0.568895
0.211948 0.211964 0.576089
0.225301 0.277537 0.497162
0.211976 0.212072 0.575952
0.211942 0.211942 0.576117
0.211964 0.212025 0.576011
0.211949 0.211969 0.576082
0.211956 0.211996 0.576048
0.211942 0.211942 0.576117
0.211944 0.211950 0.576106
0.211953 0.211984 0.576063
0.211943 0.211946 0.576111
0.211942 0.211943 0.576115
0.211944 0.211951 0.576105
0.212075 0.212441 0.575484
0.211943 0.211946 0.576111
0.211942 0.211942 0.576117
0.211963 0.212023 0.576013
0.211945 0.211954 0.576101
0.211948 0.211965 0.576087
0.211942 0.211942 0.576117
0.212148 0.212717 0.575136
0.211950 0.211973 0.576077
0.211945 0.211956 0.576099
0.211952 0.211979 0.576069
0.211968 0.212040 0.575992
0.211945 0.211953 0.576102
0.574362 0.213328 0.212310
0.211942 0.211942 0.576117
0.211947 0.211960 0.576093
0.211950 0.211975 0.576075
0.211955 0.211993 0.576052
0.211942 0.211943 0.576115
0.211956 0.211994 0.576050
0.212608 0.214462 0.572930
0.211949 0.211969 0.576082
0.211970 0.212049 0.575980
0.211975 0.212069 0.575956
0.211942 0.211942 0.576117
0.211956 0.211996 0.576048
0.211942 0.211942 0.576117
0.211944 0.211950 0.576106
0.211988 0.212117 0.575894
0.211960 0.212010 0.576030
0.211944 0.211949 0.576107
0.211943 0.211946 0.576112
0.212067 0.212412 0.575522
0.211968 0.212041 0.575991
0.213231 0.216870 0.569899
0.212117 0.212602 0.575281
0.211945 0.211953 0.576103
0.211980 0.211952 0.576069
0.211948 0.211964 0.576088
0.213115 0.216364 0.570522
0.211943 0.211948 0.576109
0.211944 0.211950 0.576106
0.211945 0.211955 0.576100
0.211952 0.211982 0.576066
0.211948 0.211966 0.576086
0.211950 0.211975 0.576075
0.211945 0.211955 0.576100
0.211942 0.211942 0.576116
0.211942 0.211942 0.576117
0.211951 0.211978 0.576070
0.211992 0.212130 0.575878
0.211967 0.212036 0.575997
0.211982 0.212093 0.575925
0.211947 0.211961 0.576092
0.211946 0.211958 0.576096
0.211942 0.211942 0.576117
0.471704 0.228201 0.300095
0.575992 0.212005 0.212003
0.211942 0.211942 0.576117
0.211942 0.211942 0.576117
0.211942 0.211942 0.576117
0.211942 0.211942 0.576117
0.211942 0.211942 0.576117
0.211942 0.211942 0.576117
0.211982 0.212092 0.575926
0.211942 0.211944 0.576114
0.211943 0.211948 0.576109
0.211951 0.211978 0.576070
0.211944 0.211950 0.576106
0.211944 0.211949 0.576108
0.211942 0.211942 0.576117
0.212200 0.212915 0.574885
0.215159 0.224612 0.560228
0.211942 0.211944 0.576113
0.211942 0.211945 0.576113
0.211950 0.211974 0.576075
0.211961 0.212013 0.576027
0.211942 0.211942 0.576117
0.211942 0.211942 0.576117
0.211950 0.211971 0.576079
0.211989 0.212120 0.575891
0.211942 0.211942 0.576117
0.211993 0.212133 0.575874
0.212008 0.212191 0.575800
0.211944 0.211951 0.576105
0.211954 0.211990 0.576056
0.211944 0.211950 0.576107
0.211944 0.211950 0.576106
0.214868 0.223197 0.561936
0.211962 0.212018 0.576020
0.211959 0.212007 0.576034
0.211979 0.212083 0.575938
0.211949 0.211970 0.576081
0.211942 0.211942 0.576117
0.211942 0.211942 0.576117
0.211948 0.211965 0.576087
0.211953 0.211983 0.576064
0.212039 0.212307 0.575654
0.211945 0.211955 0.576100
0.211947 0.211962 0.576091
0.211947 0.211961 0.576092
0.211942 0.211942 0.576117
0.211950 0.211974 0.576076
0.211958 0.212004 0.576037
0.211950 0.211975 0.576075
0.211942 0.211942 0.576117
0.211943 0.211947 0.576110
0.211947 0.576105 0.211947
0.212104 0.212551 0.575346
0.211970 0.212049 0.575981
0.211959 0.212007 0.576034
0.211956 0.211997 0.576046
0.569010 0.217577 0.213412
0.211955 0.211992 0.576054
0.211942 0.211942 0.576117
0.211944 0.211951 0.576105
0.211950 0.211944 0.576107
0.211944 0.211951 0.576105
0.211969 0.212044 0.575987
0.211953 0.211984 0.576063
0.211947 0.211960 0.576093
0.211942 0.211942 0.576116
0.212035 0.212291 0.575674
0.211963 0.212023 0.576014
0.211948 0.211964 0.576088
0.211949 0.211969 0.576082
0.211958 0.212004 0.576038
0.211942 0.211942 0.576117
0.211942 0.211942 0.576117
0.211946 0.211956 0.576098
0.211945 0.211954 0.576102
0.575758 0.212225 0.212017
0.211942 0.211942 0.576117
0.211942 0.211942 0.576117
0.211942 0.211942 0.576117
0.211942 0.211942 0.576117
0.211942 0.211942 0.576117
0.211942 0.211942 0.576117
0.211964 0.212027 0.576009
0.211944 0.211950 0.576106
0.211942 0.211942 0.576117
0.211957 0.212001 0.576041
0.211969 0.212045 0.575985
0.211946 0.211957 0.576097
0.212116 0.212595 0.575289
0.211990 0.212122 0.575889
0.212014 0.212213 0.575773
0.212034 0.212288 0.575677
0.211942 0.211942 0.576117
0.211961 0.212014 0.576025
0.211990 0.212121 0.575889
0.575112 0.212736 0.212153
0.211942 0.211942 0.576117
0.211945 0.211954 0.576102
0.211944 0.211951 0.576104
0.211951 0.211975 0.576074
0.212093 0.212511 0.575395
0.211947 0.211960 0.576093
0.211942 0.211942 0.576117
0.232681 0.388820 0.378500
0.211945 0.211956 0.576099
0.211948 0.211965 0.576087
0.224045 0.237664 0.538291
0.211942 0.211942 0.576117
0.211942 0.211942 0.576117
0.211948 0.211966 0.576086
0.211943 0.211946 0.576111
0.211942 0.211942 0.576117
0.211946 0.211960 0.576094
0.211967 0.212036 0.575997
0.211942 0.211942 0.576117
0.211955 0.211991 0.576054
0.211950 0.211972 0.576078
0.211957 0.211998 0.576045
0.211960 0.211946 0.576094
0.211957 0.211999 0.576044
0.211943 0.211949 0.576108
0.211942 0.211942 0.576117
0.211948 0.211964 0.576088
0.211948 0.211966 0.576086
0.211942 0.211943 0.576115
0.211947 0.211960 0.576093
0.213110 0.216391 0.570498
0.211944 0.211949 0.576107
0.212591 0.214397 0.573013
0.211942 0.211942 0.576117
0.211942 0.211942 0.576117
0.211949 0.211969 0.576082
0.212036 0.212296 0.575669
0.211942 0.211942 0.576117
0.211942 0.211942 0.576117
0.576097 0.211957 0.211946
0.212179 0.212821 0.575000
0.211942 0.211942 0.576117
0.211942 0.211942 0.576117
0.211942 0.211942 0.576117
0.211948 0.211964 0.576088
0.211955 0.211993 0.576052
0.211945 0.211955 0.576100
0.211943 0.211948 0.576109
0.211949 0.211969 0.576082
0.211950 0.211975 0.576075
0.211957 0.212001 0.576042
0.211967 0.212039 0.575994
0.211945 0.211954 0.576101
0.211945 0.211956 0.576098
0.211942 0.211942 0.576117
0.212063 0.212398 0.575539
0.211953 0.211985 0.576062
0.211956 0.211994 0.576050
0.211943 0.211947 0.576110
0.211948 0.211966 0.576087
0.211981 0.212088 0.575932
0.211949 0.211968 0.576083
0.211942 0.211942 0.576117
0.211944 0.211949 0.576107
0.211946 0.211959 0.576095
0.211942 0.211942 0.576117
0.212353 0.213491 0.574156
0.212022 0.212244 0.575734
0.211942 0.211945 0.576113
0.211946 0.211960 0.576094
0.211951 0.211976 0.576073
0.211950 0.211973 0.576077
0.211944 0.211952 0.576103
0.573359 0.214122 0.212519
0.211942 0.211942 0.576117
0.211942 0.211942 0.576117
0.211942 0.211942 0.576117
0.211942 0.211942 0.576117
0.212002 0.212167 0.575831
0.211958 0.212005 0.576037
0.211961 0.212016 0.576023
0.212911 0.215589 0.571499
0.211942 0.211942 0.576117
0.211942 0.211942 0.576117
0.211944 0.211950 0.576107
0.211945 0.211954 0.576101
0.211965 0.212029 0.576007
0.211951 0.211977 0.576073
0.211942 0.211942 0.576117
0.211946 0.211957 0.576097
0.211943 0.211949 0.576108
0.212028 0.212267 0.575704
0.211965 0.212028 0.576008
0.211948 0.211965 0.576087
0.211959 0.212008 0.576032
0.211942 0.211942 0.576117
0.211945 0.211953 0.576102
0.211949 0.211969 0.576082
0.211942 0.211942 0.576117
0.211958 0.212005 0.576037
0.212011 0.212203 0.575786
0.211983 0.212097 0.575919
0.212434 0.575493 0.212073
0.211946 0.211959 0.576095
0.211942 0.211942 0.576117
0.212058 0.212377 0.575565
0.211944 0.211951 0.576105
0.211963 0.212023 0.576014
0.211945 0.211955 0.576100
0.212022 0.211963 0.576014
0.211943 0.211945 0.576112
0.211952 0.211979 0.576069
0.211943 0.211947 0.576110
0.211942 0.211942 0.576117
0.211948 0.211967 0.576085
0.211944 0.211951 0.576105
0.212627 0.212124 0.575249
0.211957 0.212000 0.576042
0.211944 0.211951 0.576104
0.211942 0.211942 0.576117
0.211942 0.211942 0.576117
0.211959 0.212007 0.576033
0.212041 0.212313 0.575647
0.211943 0.211945 0.576112
0.211999 0.212157 0.575844
0.211994 0.212137 0.575869
0.212114 0.212590 0.575296
0.216335 0.229475 0.554190
0.212358 0.213505 0.574137
0.211942 0.211942 0.576116
0.211955 0.211993 0.576052
0.215109 0.224295 0.560597
0.211970 0.212047 0.575983
0.211969 0.212046 0.575985
0.211967 0.212038 0.575994
0.212041 0.212315 0.575645
0.211967 0.212038 0.575994
0.211947 0.211962 0.576091
0.211948 0.211967 0.576084
0.211942 0.211942 0.576117
0.211942 0.211942 0.576117
0.377366 0.234377 0.388257
0.214257 0.220933 0.564810
0.211942 0.211942 0.576117
0.211942 0.211943 0.576115
0.211942 0.211942 0.576117
0.211942 0.211942 0.576117
0.211942 0.211943 0.576116
0.211942 0.211943 0.576115
0.211971 0.212052 0.575976
0.211945 0.211954 0.576101
0.211942 0.211942 0.576117
0.211948 0.211966 0.576086
0.211942 0.211942 0.576117
0.211942 0.211944 0.576113
0.211945 0.211956 0.576099
0.211953 0.211986 0.576061
0.211942 0.211942 0.576117
0.211942 0.211945 0.576113
0.212044 0.212327 0.575629
0.212114 0.212589 0.575297
0.211943 0.211945 0.576112
0.211958 0.212005 0.576037
0.211942 0.211942 0.576117
0.211942 0.211942 0.576117
0.211942 0.211944 0.576114
0.211946 0.211959 0.576094
0.211958 0.212002 0.576040
0.211942 0.211942 0.576117
0.211942 0.211942 0.576117
0.219446 0.243944 0.536610
0.211942 0.211942 0.576117
0.555193 0.228687 0.216120
0.217330 0.233992 0.548677
0.211945 0.211955 0.576100
0.211945 0.211953 0.576102
0.211958 0.212004 0.576038
0.212000 0.212161 0.575839
0.211952 0.211980 0.576068
0.211942 0.211944 0.576114
0.213166 0.216613 0.570222
0.211945 0.211953 0.576102
0.211948 0.211966 0.576086
0.211972 0.212055 0.575974
0.576096 0.211949 0.211955
0.211956 0.211995 0.576049
0.211944 0.211950 0.576106
0.211942 0.211942 0.576117
0.211942 0.211942 0.576117
0.211946 0.211958 0.576097
0.212211 0.212956 0.574833
0.459317 0.229359 0.311324
0.211942 0.211942 0.576117
0.211991 0.212126 0.575883
0.211968 0.212040 0.575993
0.211944 0.211951 0.576105
0.576088 0.211964 0.211948
0.212135 0.212667 0.575198
0.212489 0.213980 0.573531
0.211973 0.212060 0.575967
0.211979 0.212081 0.575940
0.211942 0.211942 0.576117
0.211942 0.211943 0.576115
0.211978 0.212076 0.575946
0.211964 0.212024 0.576012
0.211942 0.211942 0.576116
0.212172 0.212807 0.575021
0.211942 0.211942 0.576117
0.211948 0.211967 0.576085
0.211943 0.211946 0.576111
0.211943 0.211945 0.576112
0.211954 0.211989 0.576056
0.211943 0.211947 0.576110
0.211945 0.211955 0.576100
0.211942 0.211942 0.576117
0.211942 0.211942 0.576117
0.211987 0.212113 0.575899
0.211948 0.211967 0.576084
0.211945 0.211956 0.576099
0.211943 0.211946 0.576112
0.211942 0.211945 0.576113
0.212009 0.212196 0.575795
0.211942 0.211942 0.576117
0.211942 0.211942 0.576117
0.211942 0.211942 0.576116
0.211943 0.211947 0.576109
0.212095 0.212518 0.575387
0.211959 0.212008 0.576033
0.211943 0.211948 0.576109
0.211942 0.211942 0.576117
0.211970 0.212046 0.575984
0.576117 0.211942 0.211942
0.211942 0.211942 0.576117
0.211956 0.211998 0.576046
0.211980 0.212087 0.575932
0.212635 0.214568 0.572796
0.211960 0.211946 0.576094
0.211945 0.211955 0.576099
0.211944 0.211951 0.576105
0.211955 0.211994 0.576051
0.211951 0.211976 0.576073
0.211942 0.211942 0.576117
0.211971 0.212051 0.575978
0.211959 0.212006 0.576035
0.211942 0.211942 0.576117
0.211944 0.211952 0.576104
0.212023 0.212248 0.575729
0.212168 0.212793 0.575040
0.211986 0.212100 0.575914
0.211956 0.211997 0.576047
0.212011 0.212201 0.575788
0.211942 0.211942 0.576117
0.211942 0.211942 0.576117
0.211942 0.211942 0.576117
0.211942 0.211942 0.576117
0.213351 0.574327 0.212322
0.211942 0.211942 0.576117
0.211942 0.211942 0.576116
0.211991 0.212125 0.575884
0.212766 0.575052 0.212182
0.575330 0.212563 0.212108
0.211942 0.211942 0.576117
0.211942 0.211942 0.576117
0.211947 0.211962 0.576092
0.211961 0.212014 0.576025
0.211973 0.212059 0.575969
0.211951 0.211975 0.576074
0.211946 0.211957 0.576097
0.211944 0.211950 0.576106
0.211971 0.212051 0.575978
0.211943 0.211949 0.576108
0.211942 0.211942 0.576117
0.211999 0.212156 0.575845
0.217429 0.216979 0.565591
0.231643 0.335177 0.433180
0.211943 0.211946 0.576111
0.211942 0.211942 0.576117
0.211945 0.211953 0.576102
0.211942 0.211942 0.576117
0.211947 0.211960 0.576093
0.211944 0.211950 0.576106
0.574702 0.213060 0.212239
0.211946 0.211958 0.576096
0.212102 0.212546 0.575352
0.211991 0.212128 0.575881
0.211943 0.211945 0.576112
0.211942 0.211942 0.576117
0.211978 0.212078 0.575944
0.211975 0.212063 0.575962
0.212741 0.214836 0.572423
0.211953 0.211986 0.576061
0.211942 0.211942 0.576117
0.211943 0.211947 0.576110
0.311661 0.229431 0.458907
0.211943 0.211947 0.576110
0.211945 0.211955 0.576100
0.211947 0.211961 0.576092
0.214881 0.223315 0.561804
0.211942 0.211942 0.576117
0.211942 0.211942 0.576117
0.212383 0.574011 0.213606
0.211942 0.211943 0.576115
0.211943 0.211946 0.576111
0.211982 0.212093 0.575924
0.211943 0.211946 0.576112
0.211948 0.211966 0.576085
0.211942 0.211942 0.576117
0.211955 0.211992 0.576054
0.211942 0.211942 0.576116
0.211942 0.211942 0.576117
0.212004 0.212175 0.575822
0.211943 0.211946 0.576112
0.211942 0.211942 0.576117
0.211942 0.211942 0.576117
0.211963 0.211994 0.576043
0.211942 0.211942 0.576117
0.211967 0.212035 0.575998
0.211942 0.211942 0.576117
0.211944 0.211949 0.576107
0.211942 0.211942 0.576117
0.211942 0.211942 0.576117
0.211944 0.211949 0.576107
0.212533 0.214178 0.573288
0.211998 0.212152 0.575850
0.211942 0.211942 0.576117
0.211950 0.211973 0.576077
0.211945 0.211953 0.576102
0.212828 0.214322 0.572849
0.211956 0.211992 0.576052
0.211943 0.211949 0.576108
0.211942 0.211942 0.576117
0.212166 0.212784 0.575051
0.211968 0.212042 0.575989
0.211947 0.211963 0.576089
0.211943 0.211948 0.576109
0.211946 0.211957 0.576097
0.211947 0.211960 0.576093
0.211942 0.211943 0.576115
0.211942 0.211942 0.576117
0.211942 0.211942 0.576117
0.211944 0.211949 0.576107
0.211944 0.211949 0.576108
0.211942 0.211942 0.576117
0.211947 0.211963 0.576089
0.212026 0.212258 0.575716
0.215075 0.214482 0.570443
0.211946 0.211958 0.576096
0.212511 0.214091 0.573398
0.211943 0.211948 0.576109
0.211943 0.211949 0.576108
0.211962 0.212016 0.576022
0.212098 0.212531 0.575371
0.211949 0.211968 0.576083
0.211953 0.211985 0.576062
0.211952 0.211981 0.576067
0.211953 0.211985 0.576061
0.211993 0.212133 0.575875
0.211957 0.211998 0.576045
0.211942 0.211942 0.576116
0.211943 0.211947 0.576110
0.211942 0.211944 0.576114
0.211949 0.211971 0.576080
0.211942 0.211942 0.576117
0.212022 0.212242 0.575737
0.211942 0.211942 0.576117
0.211968 0.212040 0.575992
0.211951 0.211975 0.576074
0.211947 0.211960 0.576093
0.211942 0.211942 0.576117
0.211942 0.211942 0.576117
0.211947 0.211960 0.576093
0.212049 0.212344 0.575607
0.211952 0.211980 0.576068
0.211945 0.211954 0.576102
0.211945 0.211953 0.576102
0.211978 0.212078 0.575944
0.211945 0.211955 0.576100
0.211971 0.212051 0.575978
0.211971 0.212051 0.575978
0.211942 0.211943 0.576115
0.212062 0.212393 0.575546
0.211975 0.212065 0.575960
0.211942 0.211942 0.576117
0.211954 0.211989 0.576056
0.211945 0.211956 0.576099
0.211942 0.211942 0.576116
0.211943 0.211949 0.576108
0.211949 0.211968 0.576084
0.211996 0.211956 0.576048
0.211942 0.211942 0.576117
0.211942 0.211942 0.576116
0.211942 0.211942 0.576117
0.211949 0.211971 0.576080
0.211957 0.211998 0.576045
0.211957 0.211999 0.576044
0.211947 0.211963 0.576089
0.211942 0.211942 0.576117
0.211943 0.211946 0.576111
0.211942 0.211945 0.576113
0.211969 0.212043 0.575988
0.211942 0.211945 0.576113
0.211942 0.211943 0.576115
0.211942 0.211945 0.576113
0.211942 0.211942 0.576116
0.212006 0.212183 0.575811
0.211942 0.211942 0.576117
0.211942 0.211944 0.576114
0.211942 0.211942 0.576116
0.211942 0.211942 0.576116
0.211958 0.212002 0.576041
0.211945 0.211955 0.576100
0.211942 0.211942 0.576117
0.211980 0.212087 0.575932
0.211953 0.211983 0.576064
0.212044 0.212327 0.575628
0.211942 0.211942 0.576117
0.211942 0.211942 0.576117
0.211949 0.211968 0.576083
0.211950 0.211973 0.576077
0.211945 0.211954 0.576101
0.211954 0.211989 0.576056
0.211942 0.211942 0.576117
0.211942 0.211942 0.576117
0.211943 0.211947 0.576110
0.211947 0.211961 0.576092
0.211956 0.211996 0.576048
0.211942 0.211942 0.576117
0.211945 0.211955 0.576100
0.211942 0.211943 0.576115
0.211942 0.211942 0.576117
0.211965 0.212029 0.576006
0.211942 0.211942 0.576117
0.212463 0.212102 0.575435
0.211988 0.575895 0.212117
0.211944 0.211950 0.576106
0.211947 0.211961 0.576092
0.211982 0.212093 0.575926
0.211943 0.211947 0.576111
0.211975 0.212065 0.575960
0.212025 0.212229 0.575746
0.211945 0.211953 0.576103
0.211965 0.212030 0.576005
0.211951 0.211976 0.576074
0.211942 0.211942 0.576116
0.211942 0.211942 0.576117
0.211943 0.211947 0.576110
0.211942 0.211942 0.576117
0.211969 0.212045 0.575986
0.212016 0.212223 0.575761
0.211942 0.211942 0.576117
0.211995 0.212141 0.575864
0.211942 0.211942 0.576117
0.211968 0.212041 0.575991
0.222111 0.215041 0.562848
0.211947 0.211963 0.576089
0.211999 0.212156 0.575846
0.211946 0.211943 0.576111
0.211942 0.211942 0.576117
0.211942 0.211944 0.576113
0.211942 0.211942 0.576117
0.212362 0.213526 0.574112
0.211953 0.211985 0.576062
0.211995 0.212141 0.575864
0.212034 0.212289 0.575677
0.211949 0.211968 0.576084
0.211955 0.211991 0.576054
0.212429 0.213781 0.573790
0.211949 0.211968 0.576083
0.211942 0.211942 0.576116
0.211964 0.212025 0.576011
0.211942 0.211942 0.576117
0.211942 0.211942 0.576116
0.211942 0.211943 0.576115
0.211942 0.211942 0.576116
0.211942 0.211942 0.576117
0.211943 0.211947 0.576110
0.211955 0.211990 0.576055
0.211942 0.211943 0.576115
0.211946 0.211957 0.576098
0.211972 0.212054 0.575974
0.211972 0.212054 0.575975
0.211952 0.211982 0.576065
0.211960 0.212008 0.576032
0.211942 0.211943 0.576115
0.211994 0.212138 0.575869
0.227732 0.295998 0.476271
0.212362 0.213526 0.574112
0.211942 0.211942 0.576117
0.211949 0.211969 0.576081
0.211944 0.211951 0.576106
0.211942 0.211942 0.576116
0.212003 0.212172 0.575824
0.211963 0.212021 0.576016
0.211942 0.211942 0.576116
0.211942 0.211943 0.576115
0.211967 0.212036 0.575997
0.211953 0.211985 0.576062
0.211951 0.211976 0.576074
0.211950 0.211975 0.576075
0.211961 0.212016 0.576022
0.212053 0.212359 0.575588
0.211965 0.212020 0.576014
0.231076 0.436094 0.332830
0.211953 0.211984 0.576063
0.211942 0.211942 0.576117
0.212165 0.212780 0.575055
0.211942 0.211942 0.576117
0.211943 0.211948 0.576109
0.211946 0.211959 0.576094
0.211949 0.211971 0.576080
0.211942 0.211942 0.576117
0.211942 0.211942 0.576117
0.211942 0.211942 0.576117
0.236682 0.389943 0.373375
0.211952 0.211980 0.576068
0.211949 0.211971 0.576080
0.211951 0.211977 0.576071
0.211997 0.212150 0.575853
0.211955 0.211994 0.576051
0.211944 0.211951 0.576104
0.211950 0.211974 0.576076
0.211942 0.211944 0.576114
0.212491 0.214015 0.573494
0.212061 0.212386 0.575554
0.212080 0.212463 0.575456
0.211946 0.211959 0.576095
0.211943 0.211947 0.576109
0.216730 0.231338 0.551931
0.211955 0.211993 0.576052
0.211985 0.212105 0.575910
0.211942 0.211942 0.576117
0.211970 0.212050 0.575980
0.211943 0.211949 0.576108
0.212350 0.213096 0.574554
0.211942 0.211942 0.576117
0.211955 0.211993 0.576051
0.211946 0.211957 0.576097
0.212042 0.212320 0.575638
0.211953 0.211985 0.576062
0.211944 0.211950 0.576107
0.211943 0.211947 0.576110
0.311345 0.454907 0.233748
0.211943 0.211946 0.576111
0.211946 0.211959 0.576095
0.211942 0.211945 0.576113
0.211942 0.211942 0.576117
0.211942 0.211942 0.576117
0.211943 0.576109 0.211947
0.211977 0.212074 0.575949
0.211947 0.211964 0.576089
0.211942 0.211942 0.576116
0.211945 0.211953 0.576103
0.212494 0.214028 0.573478
0.211942 0.211945 0.576113
0.211942 0.211942 0.576117
0.211946 0.211959 0.576095
0.211958 0.212004 0.576037
0.211942 0.211943 0.576115
0.211942 0.211942 0.576117
0.225927 0.492146 0.281927
0.211949 0.211970 0.576081
0.211943 0.576111 0.211945
0.217931 0.236427 0.545641
0.212327 0.213393 0.574280
0.212042 0.212318 0.575640
0.211949 0.211969 0.576083
0.211942 0.211942 0.576117
0.211945 0.211954 0.576101
0.211951 0.211978 0.576071
0.211956 0.211995 0.576050
0.211942 0.211942 0.576117
0.211942 0.211942 0.576116
0.211942 0.211942 0.576117
0.211967 0.212015 0.576018
0.211942 0.211942 0.576117
0.211947 0.211963 0.576089
0.211945 0.211954 0.576101
0.211944 0.211952 0.576104
0.211962 0.212017 0.576021
0.211948 0.211964 0.576088
0.211947 0.211962 0.576090
0.211943 0.211946 0.576111
0.211954 0.211988 0.576058
0.211953 0.211983 0.576064
0.211944 0.211952 0.576103
0.211951 0.211975 0.576074
0.211942 0.211942 0.576117
0.211945 0.211953 0.576102
0.211943 0.211942 0.576115
0.211951 0.211978 0.576071
0.211942 0.211942 0.576117
0.212042 0.212318 0.575640
0.211943 0.211946 0.576111
0.211945 0.211955 0.576099
0.211967 0.212021 0.576011
0.211951 0.211978 0.576071
0.211984 0.212099 0.575917
0.211942 0.211943 0.576116
0.211942 0.211942 0.576117
0.211942 0.211942 0.576117
0.211942 0.211942 0.576117
0.211949 0.211968 0.576083
0.211954 0.211987 0.576060
0.211948 0.211966 0.576085
0.211942 0.211942 0.576116
0.212270 0.213179 0.574551
0.211942 0.211942 0.576117
0.211942 0.211942 0.576117
0.211944 0.211952 0.576104
0.211985 0.212103 0.575912
0.211942 0.211942 0.576117
0.211963 0.212022 0.576015
0.211950 0.211974 0.576076
0.211946 0.211959 0.576095
0.211950 0.211975 0.576075
0.211942 0.211942 0.576117
0.211950 0.211975 0.576075
0.211942 0.211942 0.576117
0.212716 0.212148 0.575137
0.212024 0.211964 0.576013
0.211946 0.211957 0.576098
0.211949 0.211969 0.576082
0.211945 0.211956 0.576099
0.211944 0.211952 0.576104
0.211942 0.211942 0.576117
0.213237 0.216890 0.569874
0.212037 0.212300 0.575663
0.211942 0.211943 0.576115
0.211975 0.212066 0.575959
0.212853 0.212184 0.574963
0.211942 0.211942 0.576117
0.211942 0.211944 0.576114
0.211945 0.211955 0.576100
0.213146 0.570316 0.216538
0.211943 0.211946 0.576111
0.211948 0.211964 0.576089
0.211946 0.211958 0.576096
0.211988 0.212115 0.575897
0.211954 0.211988 0.576058
0.211942 0.211944 0.576114
0.212692 0.214452 0.572855
0.212026 0.576008 0.211966
0.211944 0.211952 0.576104
0.211944 0.211952 0.576103
0.212446 0.213847 0.573706
0.211942 0.211942 0.576117
0.211942 0.211942 0.576117
0.212069 0.212418 0.575513
0.211954 0.211987 0.576060
0.211942 0.211942 0.576116
0.211967 0.212036 0.575998
0.211982 0.212093 0.575926
0.211942 0.211943 0.576115
0.211950 0.211972 0.576078
0.211990 0.212123 0.575887
0.211960 0.212009 0.576031
0.211993 0.212132 0.575875
0.211946 0.211960 0.576094
0.211952 0.211980 0.576068
0.211978 0.211961 0.576060
0.211942 0.211943 0.576115
0.211997 0.212149 0.575854
0.211951 0.211978 0.576071
0.212078 0.212452 0.575470
0.211950 0.211972 0.576079
0.211952 0.211982 0.576065
0.211947 0.211961 0.576093
0.211942 0.211942 0.576117
0.211942 0.211945 0.576113
0.211949 0.211969 0.576082
0.211952 0.211981 0.576067
0.211946 0.211958 0.576096
0.227916 0.556143 0.215940
0.211942 0.211942 0.576117
0.211942 0.211942 0.576117
0.211949 0.211970 0.576081
0.211942 0.211942 0.576117
0.211942 0.211943 0.576115
0.211942 0.211942 0.576117
0.211943 0.211949 0.576108
0.211959 0.212008 0.576032
0.211943 0.211947 0.576110
0.211943 0.211946 0.576112
0.211942 0.211944 0.576114
0.573794 0.213778 0.212428
0.211942 0.211945 0.576113
0.211956 0.211995 0.576050
0.211943 0.211947 0.576110
0.211949 0.211969 0.576082
0.211944 0.211949 0.576107
0.211942 0.211944 0.576113
0.212015 0.212216 0.575769
0.212106 0.212559 0.575335
0.213358 0.569279 0.217363
0.212085 0.212478 0.575437
0.211942 0.211942 0.576117
0.211957 0.211998 0.576046
0.211958 0.212002 0.576040
0.211950 0.211974 0.576076
0.211943 0.211946 0.576111
0.490966 0.282964 0.226071
0.212350 0.213482 0.574168
0.211942 0.211942 0.576117
0.211942 0.211942 0.576117
0.211942 0.211942 0.576117
0.211942 0.211942 0.576117
0.211942 0.211942 0.576117
0.212016 0.212203 0.575780
0.211942 0.211944 0.576114
0.211942 0.211942 0.576117
0.211982 0.212092 0.575926
0.211961 0.212014 0.576025
0.211942 0.211942 0.576117
0.215633 0.571453 0.212914
0.212265 0.213156 0.574580
0.212075 0.212443 0.575482
0.211942 0.211943 0.576115
0.211953 0.211983 0.576065
0.212035 0.212290 0.575675
0.213239 0.216863 0.569898
0.211947 0.211963 0.576090
0.211949 0.211968 0.576084
0.211947 0.211960 0.576093
0.226734 0.287929 0.485337
0.211944 0.211951 0.576105
0.211956 0.211997 0.576047
0.211947 0.211964 0.576089
0.211942 0.211942 0.576117
0.212128 0.212642 0.575230
0.211989 0.212119 0.575891
0.212319 0.213296 0.574385
0.217501 0.234537 0.547962
0.211947 0.211961 0.576092
0.212592 0.214402 0.573006
0.211945 0.211954 0.576101
0.413952 0.232149 0.353899
0.211943 0.211948 0.576109
0.212316 0.213353 0.574331
0.212067 0.212413 0.575520
0.211947 0.211961 0.576092
0.211956 0.211997 0.576047
0.211942 0.211942 0.576117
0.211954 0.211989 0.576057
0.229903 0.452770 0.317327
0.215858 0.227563 0.556579
0.211954 0.211988 0.576058
0.211942 0.211943 0.576116
0.211954 0.211990 0.576056
0.211943 0.211947 0.576110
0.218148 0.237747 0.544104
0.211942 0.211942 0.576117
0.211998 0.212154 0.575847
0.212146 0.212711 0.575143
0.211943 0.211947 0.576110
0.211946 0.211959 0.576094
0.211947 0.211962 0.576091
0.211962 0.211947 0.576091
0.211943 0.211946 0.576111
0.211953 0.211986 0.576061
0.211942 0.211942 0.576117
0.211942 0.211942 0.576117
0.211952 0.211981 0.576067
0.212017 0.212226 0.575757
0.211942 0.211942 0.576117
0.211942 0.211942 0.576117
0.211942 0.211942 0.576117
0.211944 0.211950 0.576106
0.211947 0.211962 0.576091
0.211942 0.211945 0.576113
0.211957 0.211999 0.576044
0.211960 0.212009 0.576032
0.218599 0.239860 0.541542
0.211957 0.212001 0.576041
0.211950 0.211974 0.576075
0.211943 0.211949 0.576108
0.211944 0.211950 0.576106
0.211946 0.211957 0.576097
0.211944 0.211951 0.576106
0.211942 0.211942 0.576116
0.211959 0.212008 0.576033
0.211952 0.211980 0.576069
0.211942 0.211944 0.576114
0.212165 0.212782 0.575052
0.211945 0.211954 0.576101
0.211942 0.211942 0.576117
0.211954 0.211987 0.576060
0.211942 0.211943 0.576116
0.218710 0.240263 0.541027
0.211957 0.211946 0.576097
0.211946 0.211958 0.576096
0.212043 0.212323 0.575634
0.211942 0.211942 0.576117
0.211945 0.211956 0.576099
0.567483 0.218796 0.213722
0.211943 0.211946 0.576111
0.211942 0.211942 0.576117
0.211943 0.211948 0.576109
0.211942 0.211942 0.576116
0.211942 0.211944 0.576114
0.212451 0.213864 0.573685
0.211948 0.211965 0.576088
0.211942 0.211942 0.576117
0.211942 0.211942 0.576117
0.211942 0.211942 0.576117
0.211942 0.211942 0.576117
0.211942 0.211942 0.576117
0.211942 0.211942 0.576117
0.211943 0.211947 0.576111
0.212296 0.213278 0.574425
0.211958 0.212004 0.576038
0.212404 0.213685 0.573911
0.211966 0.212033 0.576001
0.211950 0.211971 0.576079
0.211942 0.211942 0.576117
0.211942 0.211942 0.576117
0.211942 0.211942 0.576117
0.212073 0.212434 0.575494
0.212365 0.213540 0.574095
0.211942 0.211942 0.576117
0.211942 0.211942 0.576117
0.211942 0.211942 0.576117
0.211942 0.211942 0.576117
0.211943 0.211946 0.576111
0.214325 0.221207 0.564468
0.212508 0.213991 0.573501
0.211951 0.211977 0.576072
0.212141 0.212690 0.575169
0.211942 0.211942 0.576117
0.211953 0.211985 0.576062
0.227894 0.474720 0.297386
0.211946 0.211959 0.576095
0.211942 0.211945 0.576113
0.211942 0.211942 0.576117
0.211942 0.211942 0.576117
0.211950 0.211972 0.576078
0.219070 0.538817 0.242113
0.212026 0.212257 0.575717
0.211959 0.212008 0.576033
0.211942 0.211944 0.576114
0.211947 0.211961 0.576093
0.230806 0.328832 0.440363
0.211954 0.211987 0.576059
0.211942 0.211943 0.576115
0.211955 0.211992 0.576053
0.211943 0.211947 0.576110
0.211947 0.211962 0.576091
0.211944 0.211950 0.576107
0.211950 0.211972 0.576078
0.212269 0.212194 0.575537
0.211945 0.211953 0.576103
0.211942 0.211942 0.576117
0.212098 0.212530 0.575372
0.211951 0.211978 0.576071
0.211943 0.211946 0.576112
0.211943 0.211946 0.576112
0.211947 0.211961 0.576092
0.211952 0.211981 0.576067
0.211942 0.211944 0.576114
0.211943 0.211948 0.576109
0.212110 0.212572 0.575318
0.211945 0.211956 0.576099
0.211966 0.212032 0.576003
0.211946 0.211960 0.576094
0.211961 0.212015 0.576024
0.211980 0.212087 0.575933
0.211944 0.211950 0.576106
0.211943 0.211946 0.576111
0.211942 0.211942 0.576117
0.211947 0.211964 0.576089
0.211943 0.211945 0.576112
0.575665 0.212298 0.212037
0.211942 0.211942 0.576117
0.211942 0.211943 0.576115
0.211942 0.211942 0.576117
0.211952 0.211979 0.576069
0.211949 0.211971 0.576079
0.211942 0.211942 0.576117
0.211958 0.212005 0.576037
0.211942 0.211944 0.576114
0.214384 0.221446 0.564171
0.232025 0.350440 0.417535
0.212058 0.212379 0.575563
0.211964 0.212025 0.576011
0.211942 0.211942 0.576116
0.212030 0.212274 0.575696
0.211952 0.211979 0.576069
0.211942 0.211945 0.576113
0.211942 0.211942 0.576117
0.211942 0.211942 0.576117
0.211944 0.211950 0.576106
0.211942 0.211942 0.576117
0.226132 0.283406 0.490462
0.211942 0.211942 0.576117
0.211942 0.211942 0.576117
0.211950 0.211973 0.576077
0.575309 0.212111 0.212579
0.211945 0.211954 0.576101
0.211949 0.211970 0.576080
0.211959 0.212007 0.576034
0.211947 0.211961 0.576093
0.211943 0.211947 0.576110
0.211944 0.211949 0.576107
0.211942 0.211942 0.576117
0.211952 0.211982 0.576066
0.211961 0.212013 0.576027
0.211942 0.211942 0.576116
0.211942 0.211942 0.576116
0.211942 0.211942 0.576117
0.211942 0.211942 0.576117
0.211942 0.211942 0.576117
0.224983 0.503694 0.271323
0.211946 0.211957 0.576097
0.211942 0.211942 0.576117
0.211947 0.211961 0.576092
0.212127 0.212637 0.575236
0.222600 0.260634 0.516767
0.211942 0.211942 0.576117
0.211947 0.211961 0.576092
0.211943 0.211942 0.576116
0.211943 0.211947 0.576110
0.211946 0.211957 0.576097
0.211953 0.211984 0.576063
0.211945 0.211955 0.576100
0.211942 0.211942 0.576117
0.212601 0.214438 0.572960
0.212098 0.212529 0.575373
0.211942 0.211942 0.576117
0.211942 0.211942 0.576117
0.211946 0.211957 0.576097
0.211942 0.211942 0.576117
0.211942 0.211942 0.576117
0.211942 0.211944 0.576114
0.211944 0.211952 0.576104
0.211967 0.212036 0.575997
0.211945 0.211952 0.576103
0.211942 0.211942 0.576117
0.575178 0.212683 0.212139
0.211961 0.212013 0.576026
0.211942 0.211942 0.576117
0.211948 0.211966 0.576085
0.211948 0.211964 0.576088
0.212010 0.212199 0.575791
0.211991 0.212126 0.575883
0.211942 0.211942 0.576117
0.212467 0.213923 0.573610
0.211985 0.212106 0.575909
0.212008 0.212191 0.575800
0.211942 0.211942 0.576116
0.211947 0.211961 0.576092
0.212222 0.212996 0.574782
0.212027 0.212264 0.575709
0.211945 0.211955 0.576099
0.211942 0.211942 0.576117
0.214166 0.220567 0.565267
0.212218 0.212981 0.574801
0.211945 0.211954 0.576102
0.211962 0.212017 0.576021
0.211997 0.212149 0.575854
0.211946 0.211957 0.576097
0.211953 0.211985 0.576061
0.211947 0.211961 0.576092
0.211942 0.211944 0.576113
0.212153 0.212136 0.575712
0.211942 0.211942 0.576117
0.211944 0.211950 0.576106
0.211942 0.211943 0.576115
0.211952 0.576079 0.211969
0.211942 0.211942 0.576117
0.211950 0.211975 0.576075
0.211942 0.211945 0.576113
0.211943 0.211947 0.576110
0.573868 0.213720 0.212413
0.211942 0.211944 0.576114
0.211942 0.211942 0.576117
0.211942 0.211942 0.576117
0.211942 0.211942 0.576117
0.211959 0.212008 0.576033
0.211952 0.211982 0.576066
0.211944 0.211949 0.576107
0.211944 0.576108 0.211949
0.211942 0.211942 0.576117
0.211956 0.211994 0.576050
0.211948 0.211964 0.576089
0.211942 0.211942 0.576117
0.211942 0.211943 0.576115
0.211942 0.211944 0.576114
0.211942 0.211942 0.576117
0.211942 0.211942 0.576117
0.211942 0.211942 0.576116
0.211953 0.211986 0.576061
0.211943 0.211946 0.576111
0.211944 0.211952 0.576104
0.212056 0.575575 0.212370
0.211942 0.211942 0.576117
0.212153 0.212737 0.575110
0.211960 0.212012 0.576027
0.211942 0.211942 0.576117
0.211950 0.211972 0.576078
0.211942 0.211942 0.576117
0.211943 0.211945 0.576112
0.211950 0.211973 0.576078
0.211944 0.211951 0.576105
0.211942 0.211942 0.576117
0.211942 0.211943 0.576115
0.211942 0.211942 0.576117
0.211946 0.211960 0.576094
0.211943 0.211947 0.576109
0.211958 0.212001 0.576041
0.213873 0.570045 0.216082
0.211952 0.211980 0.576068
0.211942 0.211942 0.576117
0.211942 0.211942 0.576117
0.211942 0.211942 0.576117
0.211943 0.211947 0.576110
0.211942 0.211942 0.576116
0.211944 0.211952 0.576104
0.211942 0.211942 0.576117
0.212893 0.572465 0.214642
0.211942 0.211942 0.576117
0.211946 0.211957 0.576097
0.212051 0.212353 0.575596
0.211943 0.211946 0.576111
0.391866 0.232656 0.375478
0.211944 0.211951 0.576105
0.211942 0.211942 0.576117
0.211955 0.211991 0.576054
0.211948 0.211967 0.576085
0.211957 0.211999 0.576044
0.211942 0.211942 0.576117
0.229363 0.216444 0.554193
0.212055 0.212368 0.575576
0.212555 0.214260 0.573186
0.211948 0.211964 0.576088
0.211945 0.211953 0.576103
0.212020 0.212236 0.575743
0.211943 0.211948 0.576109
0.212059 0.212175 0.575766
0.211944 0.211950 0.576106
0.211942 0.211942 0.576117
0.211942 0.211942 0.576116
0.211942 0.211942 0.576117
0.212742 0.214977 0.572281
0.212109 0.212572 0.575319
0.211949 0.211970 0.576081
0.211945 0.211955 0.576100
0.211943 0.211947 0.576110
0.211943 0.211946 0.576112
0.211942 0.211942 0.576117
0.211950 0.211972 0.576078
0.211946 0.211960 0.576094
0.211953 0.211983 0.576064
0.211960 0.212012 0.576027
0.211944 0.211950 0.576106
0.211992 0.212129 0.575879
0.211942 0.211942 0.576117
0.211943 0.211945 0.576112
0.211961 0.212015 0.576024
0.211942 0.211944 0.576113
0.213786 0.219050 0.567164
0.211942 0.211942 0.576117
0.211943 0.211948 0.576108
0.211942 0.211945 0.576113
0.211942 0.211943 0.576115
0.212024 0.212249 0.575728
0.211944 0.211952 0.576103
0.211943 0.211945 0.576112
0.211942 0.211942 0.576117
0.573724 0.213833 0.212443
0.224383 0.504210 0.271407
0.211959 0.212007 0.576034
0.212016 0.212220 0.575764
0.212316 0.213351 0.574333
0.211942 0.211942 0.576116
0.211951 0.211976 0.576073
0.211942 0.211944 0.576114
0.211973 0.212058 0.575969
0.211942 0.211942 0.576117
0.212019 0.212130 0.575852
0.573557 0.213965 0.212477
0.211949 0.211969 0.576082
0.211942 0.211942 0.576117
0.211942 0.211942 0.576117
0.211942 0.211942 0.576117
0.211945 0.211954 0.576102
0.211942 0.211942 0.576116
0.211942 0.211942 0.576117
0.212145 0.212502 0.575353
0.211944 0.211952 0.576104
0.212002 0.212168 0.575830
0.213827 0.219211 0.566963
0.215863 0.227586 0.556551
0.211953 0.211985 0.576061
0.221291 0.253399 0.525310
0.212038 0.212303 0.575659
0.211942 0.211942 0.576117
0.211942 0.211942 0.576116
0.211942 0.211942 0.576116
0.211942 0.211944 0.576114
0.211970 0.212047 0.575983
0.211943 0.211946 0.576111
0.211995 0.212142 0.575863
0.211947 0.211961 0.576092
0.229444 0.312142 0.458414
0.211952 0.211980 0.576069
0.211944 0.211949 0.576107
0.211944 0.211951 0.576105
0.211944 0.211951 0.576106
0.211954 0.211987 0.576060
0.211945 0.211954 0.576101
0.211942 0.211942 0.576117
0.211945 0.211942 0.576113
0.211952 0.211980 0.576068
0.211951 0.211978 0.576071
0.211943 0.211949 0.576108
0.211947 0.211962 0.576091
0.211951 0.211976 0.576074
0.211963 0.212021 0.576017
0.575998 0.212035 0.211967
0.211944 0.211942 0.576114
0.211942 0.211942 0.576117
0.211945 0.211953 0.576102
0.211942 0.211942 0.576117
0.211990 0.211955 0.576055
0.211942 0.211944 0.576114
0.211966 0.212035 0.575999
0.213688 0.218663 0.567649
0.211942 0.211943 0.576116
0.211968 0.212042 0.575989
0.211970 0.212050 0.575980
0.211946 0.211958 0.576096
0.212004 0.212171 0.575825
0.212052 0.212357 0.575591
0.220161 0.214545 0.565294
0.211953 0.211985 0.576061
0.212008 0.212189 0.575803
0.211944 0.211949 0.576107
0.212537 0.213899 0.573563
0.211951 0.211977 0.576072
0.211946 0.211958 0.576096
0.211946 0.211957 0.576098
0.211942 0.211942 0.576117
0.211956 0.211996 0.576048
0.211942 0.211942 0.576117
0.211942 0.211943 0.576115
0.232550 0.367335 0.400115
0.211942 0.211942 0.576117
0.212228 0.213012 0.574760
0.211965 0.212029 0.576007
0.211966 0.212034 0.576000
0.211942 0.211942 0.576117
0.211947 0.211963 0.576089
0.212051 0.212352 0.575598
0.211954 0.211989 0.576057
0.212760 0.215045 0.572195
0.211955 0.211992 0.576053
0.211946 0.211958 0.576096
0.211942 0.211942 0.576117
0.211967 0.212038 0.575994
0.211943 0.211946 0.576112
0.212047 0.212337 0.575616
0.211942 0.211942 0.576116
0.211942 0.211942 0.576117
0.211942 0.211942 0.576117
0.211943 0.211945 0.576112
0.211942 0.211942 0.576117
0.211942 0.211942 0.576117
0.211942 0.211942 0.576117
0.220469 0.535254 0.244277
0.212077 0.212451 0.575472
0.211946 0.211959 0.576094
0.211952 0.211982 0.576066
0.220101 0.565846 0.214053
0.211979 0.212082 0.575938
0.214354 0.221326 0.564320
0.211944 0.211950 0.576106
0.211996 0.212146 0.575858
0.211943 0.211948 0.576109
0.211944 0.211952 0.576103
0.214459 0.221580 0.563961
0.211997 0.212148 0.575855
0.212090 0.212195 0.575715
0.211945 0.211953 0.576102
0.211945 0.211953 0.576103
0.573478 0.214028 0.212494
0.211942 0.211942 0.576117
0.211949 0.211968 0.576083
0.211944 0.211950 0.576106
0.211944 0.211950 0.576106
0.212211 0.212955 0.574834
0.211964 0.212025 0.576011
0.212020 0.212237 0.575742
0.211961 0.212013 0.576026
0.211945 0.211956 0.576098
0.211942 0.211942 0.576117
0.211989 0.212118 0.575893
0.211942 0.211942 0.576117
0.211945 0.211954 0.576102
0.211946 0.211959 0.576094
0.211970 0.212050 0.575980
0.211942 0.211942 0.576117
0.211945 0.211955 0.576100
0.211943 0.211945 0.576112
0.211942 0.211942 0.576117
0.211942 0.211942 0.576117
0.212619 0.214505 0.572877
0.211942 0.211944 0.576114
0.211942 0.211944 0.576114
0.213237 0.216892 0.569871
0.211947 0.211961 0.576092
0.211991 0.212127 0.575882
0.212249 0.213097 0.574654
0.212019 0.212231 0.575750
0.211943 0.211947 0.576111
0.211942 0.211944 0.576114
0.211944 0.211951 0.576104
0.211942 0.211942 0.576117
0.211952 0.211972 0.576076
0.211953 0.211985 0.576062
0.212114 0.212588 0.575298
0.211942 0.211942 0.576117
0.211946 0.211958 0.576095
0.211944 0.211951 0.576105
0.211944 0.211951 0.576105
0.211943 0.211949 0.576108
0.211944 0.211950 0.576106
0.212040 0.212310 0.575650
0.211981 0.212091 0.575927
0.226623 0.287041 0.486336
0.211947 0.211961 0.576092
0.211945 0.211954 0.576101
0.211945 0.211956 0.576099
0.212227 0.212920 0.574853
0.212034 0.212290 0.575676
0.212080 0.212460 0.575461
0.211958 0.212005 0.576037
0.213323 0.217225 0.569452
0.211942 0.211942 0.576117
0.211942 0.211942 0.576117
0.212000 0.212160 0.575840
0.211945 0.211955 0.576099
0.211946 0.211957 0.576097
0.211957 0.212000 0.576043
0.212485 0.213993 0.573522
0.211942 0.211942 0.576117
0.211942 0.211942 0.576117
0.218014 0.544859 0.237127
0.212140 0.212009 0.575851
0.212020 0.212218 0.575762
0.211942 0.211942 0.576116
0.211946 0.211956 0.576098
0.211999 0.212156 0.575845
0.219519 0.241839 0.538642
0.211942 0.211942 0.576117
0.215561 0.226299 0.558140
0.211949 0.211969 0.576083
0.212020 0.212237 0.575743
0.211946 0.211956 0.576098
0.211950 0.211971 0.576079
0.211952 0.211980 0.576068
0.211943 0.211945 0.576112
0.211942 0.211942 0.576117
0.211942 0.211942 0.576117
0.212184 0.212850 0.574966
0.211950 0.211974 0.576076
0.211960 0.212010 0.576030
0.211942 0.211942 0.576117
0.211962 0.212017 0.576021
0.212176 0.575820 0.212004
0.211943 0.211947 0.576110
0.211942 0.211944 0.576114
0.212687 0.213644 0.573669
0.211966 0.212033 0.576002
0.211946 0.211959 0.576094
0.211949 0.211971 0.576080
0.211987 0.212109 0.575904
0.211951 0.211978 0.576071
0.211942 0.211942 0.576117
0.211971 0.212052 0.575977
0.211942 0.211944 0.576114
0.215314 0.225265 0.559421
0.211952 0.211982 0.576066
0.211981 0.212090 0.575929
0.211946 0.211958 0.576097
0.211943 0.211947 0.576110
0.211960 0.212012 0.576028
0.211942 0.211942 0.576117
0.211942 0.211942 0.576116
0.211942 0.211942 0.576117
0.211942 0.211943 0.576115
0.211942 0.211942 0.576117
0.212671 0.213212 0.574116
0.211942 0.211942 0.576117
0.211942 0.211942 0.576117
0.211942 0.211942 0.576117
0.211942 0.211942 0.576117
0.211942 0.211942 0.576117
0.211990 0.212123 0.575887
0.211944 0.211949 0.576107
0.211942 0.211944 0.576114
0.211942 0.211942 0.576117
0.211946 0.211959 0.576095
0.211942 0.211942 0.576117
0.211958 0.212005 0.576037
0.211967 0.212036 0.575997
0.211961 0.212016 0.576023
0.211949 0.211971 0.576080
0.211955 0.211990 0.576055
0.211942 0.211945 0.576113
0.211942 0.211942 0.576117
0.211971 0.212051 0.575978
0.212127 0.212640 0.575233
0.211946 0.211960 0.576094
0.211944 0.211951 0.576104
0.211942 0.211942 0.576117
0.212007 0.212188 0.575804
0.211944 0.211950 0.576106
0.211995 0.212143 0.575861
0.211944 0.211950 0.576106
0.211942 0.211942 0.576117
0.211946 0.211960 0.576094
0.211942 0.211944 0.576114
0.211942 0.211942 0.576117
0.212001 0.212165 0.575834
0.211947 0.211963 0.576089
0.211942 0.211942 0.576117
0.211943 0.211947 0.576110
0.211943 0.211947 0.576110
0.211946 0.211960 0.576094
0.211967 0.212037 0.575995
0.211999 0.212159 0.575842
0.211954 0.211987 0.576060
0.212593 0.214405 0.573002
0.211944 0.211950 0.576106
0.211948 0.211964 0.576088
0.211990 0.212124 0.575886
0.212248 0.213094 0.574658
0.211945 0.211954 0.576101
0.211943 0.211946 0.576111
0.212051 0.212346 0.575603
0.232284 0.409942 0.357774
0.212011 0.212200 0.575789
0.229218 0.309843 0.460939
0.211965 0.212029 0.576006
0.211948 0.211967 0.576084
0.212202 0.212922 0.574875
0.211943 0.211948 0.576109
0.211942 0.211942 0.576117
0.211956 0.211997 0.576047
0.211959 0.212006 0.576035
0.211950 0.211973 0.576076
0.211944 0.211952 0.576103
0.211989 0.212119 0.575892
0.211950 0.211972 0.576078
0.211954 0.211988 0.576058
0.211957 0.212000 0.576043
0.211947 0.211963 0.576090
0.211942 0.211945 0.576113
0.211960 0.212009 0.576032
0.211945 0.211956 0.576099
0.211942 0.211942 0.576117
0.211946 0.211960 0.576094
0.211943 0.211948 0.576109
0.211955 0.211990 0.576055
0.211951 0.211978 0.576071
0.214393 0.221481 0.564126
0.211942 0.211942 0.576116
0.212450 0.213810 0.573740
0.211944 0.211950 0.576107
0.212361 0.213516 0.574123
0.211950 0.211973 0.576077
0.212103 0.212547 0.575350
0.211959 0.212007 0.576033
0.211951 0.211979 0.576070
0.211946 0.211957 0.576098
0.211942 0.211942 0.576116
0.211942 0.211942 0.576117
0.211945 0.211954 0.576101
0.211947 0.211964 0.576089
0.211948 0.211967 0.576085
0.211975 0.212065 0.575960
0.211996 0.212144 0.575859
0.211984 0.212101 0.575915
0.211951 0.211978 0.576071
0.211951 0.211976 0.576074
0.211946 0.211960 0.576094
0.211957 0.211999 0.576044
0.211942 0.211944 0.576114
0.211974 0.212052 0.575974
0.211977 0.211989 0.576034
0.211972 0.212056 0.575972
0.211942 0.211942 0.576117
0.211942 0.211942 0.576117
0.211943 0.211948 0.576109
0.212733 0.214941 0.572326
0.211945 0.211956 0.576099
0.211946 0.211960 0.576094
0.211987 0.212111 0.575902
0.211952 0.211980 0.576069
0.211963 0.212022 0.576015
0.211999 0.212158 0.575843
0.211943 0.211948 0.576109
0.211979 0.212083 0.575937
0.211943 0.211948 0.576108
0.211959 0.212009 0.576032
0.211958 0.212005 0.576037
0.211949 0.211969 0.576082
0.211946 0.211957 0.576097
0.211943 0.211946 0.576111
0.211942 0.211942 0.576117
0.211944 0.211952 0.576103
0.211945 0.211954 0.576101
0.211978 0.212077 0.575946
0.211944 0.211952 0.576104
0.215755 0.227127 0.557118
0.212008 0.212139 0.575853
0.211947 0.211963 0.576090
0.219536 0.244387 0.536078
0.211942 0.211942 0.576117
0.211955 0.211992 0.576053
0.211956 0.211994 0.576050
0.212016 0.212222 0.575762
0.575373 0.212529 0.212098
0.212230 0.212905 0.574866
0.211951 0.211978 0.576071
0.211951 0.211979 0.576070
0.211953 0.211984 0.576063
0.211943 0.211947 0.576110
0.212017 0.212223 0.575760
0.211946 0.211958 0.576096
0.211964 0.212027 0.576008
0.213645 0.218493 0.567862
0.211943 0.211947 0.576110
0.211962 0.212018 0.576020
0.211947 0.211960 0.576093
0.212139 0.212682 0.575179
0.211947 0.211961 0.576092
0.269242 0.500092 0.230667
0.211942 0.211942 0.576117
0.211948 0.211966 0.576086
0.211942 0.211942 0.576116
0.211942 0.211942 0.576116
0.211943 0.211946 0.576111
0.211949 0.211969 0.576082
0.211946 0.211959 0.576095
0.212032 0.212280 0.575688
0.211942 0.211942 0.576117
0.211966 0.212033 0.576001
0.211942 0.211942 0.576117
0.211946 0.211958 0.576096
0.211943 0.211949 0.576108
0.211949 0.211969 0.576083
0.211949 0.211969 0.576083
0.211949 0.211970 0.576081
0.211946 0.211959 0.576094
0.211949 0.211968 0.576084
0.211942 0.211942 0.576117
0.211991 0.212125 0.575884
0.211943 0.211947 0.576109
0.211947 0.211964 0.576089
0.211942 0.211944 0.576114
0.211946 0.211960 0.576094
0.211959 0.212007 0.576034
0.211952 0.211982 0.576065
0.212112 0.212582 0.575306
0.211951 0.211978 0.576071
0.363633 0.317149 0.319219
0.211943 0.211948 0.576108
0.211952 0.211980 0.576069
0.214839 0.561860 0.223301
0.212173 0.212810 0.575017
0.211955 0.211992 0.576053
0.211953 0.211985 0.576061
0.575392 0.212514 0.212094
0.211944 0.211952 0.576104
0.211946 0.211957 0.576098
0.211942 0.211942 0.576117
0.211943 0.211948 0.576109
0.211947 0.211960 0.576093
0.423687 0.231756 0.344557
0.211944 0.211952 0.576103
0.211945 0.211956 0.576099
0.211973 0.212058 0.575969
0.211945 0.211954 0.576101
0.211955 0.211991 0.576054
0.211945 0.211953 0.576102
0.211966 0.576002 0.212032
0.212238 0.213055 0.574707
0.211942 0.211944 0.576114
0.211946 0.211959 0.576095
0.211957 0.211999 0.576044
0.232706 0.390003 0.377291
0.211945 0.211954 0.576101
0.211942 0.211942 0.576117
0.211942 0.211942 0.576117
0.212146 0.212708 0.575146
0.211942 0.211942 0.576117
0.212180 0.212839 0.574981
0.211943 0.211945 0.576112
0.211945 0.211954 0.576101
0.211956 0.576048 0.211996
0.566028 0.219958 0.214014
0.211942 0.211945 0.576113
0.212371 0.213523 0.574106
0.211945 0.211953 0.576103
0.212017 0.212225 0.575758
0.211942 0.211942 0.576117
0.212042 0.212318 0.575641
0.211942 0.211942 0.576117
0.211944 0.211953 0.576103
0.213394 0.217497 0.569109
0.215411 0.225675 0.558915
0.211942 0.211944 0.576113
0.211948 0.211966 0.576086
0.211945 0.211956 0.576098
0.211942 0.211942 0.576116
0.211947 0.211961 0.576092
0.350691 0.232023 0.417286
0.211961 0.212013 0.576025
0.215562 0.226311 0.558127
0.211942 0.211944 0.576113
0.211951 0.211978 0.576071
0.212650 0.214622 0.572728
0.211943 0.211947 0.576109
0.212047 0.212332 0.575621
0.211942 0.211942 0.576116
0.211947 0.211963 0.576090
0.211952 0.211981 0.576066
0.212094 0.212514 0.575391
0.211958 0.212003 0.576039
0.217220 0.233513 0.549267
0.211999 0.212155 0.575846
0.559101 0.225524 0.215375
0.211962 0.212019 0.576019
0.211998 0.212152 0.575851
0.211948 0.211967 0.576084
0.211942 0.211942 0.576117
0.211952 0.211979 0.576069
0.211946 0.211959 0.576094
0.239343 0.533051 0.227606
0.211943 0.211946 0.576111
0.211943 0.211947 0.576110
0.211945 0.211953 0.576102
0.211943 0.211946 0.576111
0.211999 0.212156 0.575845
0.219710 0.230013 0.550277
0.211949 0.211971 0.576080
0.211943 0.211945 0.576112
0.212285 0.213091 0.574624
0.211942 0.211944 0.576114
0.211961 0.212014 0.576025
0.211943 0.211947 0.576110
0.211942 0.211942 0.576116
0.211947 0.211961 0.576092
0.211988 0.212115 0.575897
0.211946 0.211957 0.576097
0.211950 0.211973 0.576077
0.212213 0.212964 0.574823
0.211994 0.212136 0.575870
0.211946 0.211960 0.576094
0.213987 0.219852 0.566160
0.211945 0.211953 0.576102
0.513758 0.233135 0.253107
0.211944 0.211952 0.576104
0.211946 0.211959 0.576095
0.211945 0.211954 0.576101
0.211942 0.211942 0.576117
0.211952 0.211980 0.576068
0.211942 0.211942 0.576117
0.211999 0.212158 0.575843
0.211963 0.212021 0.576016
0.212040 0.212310 0.575650
0.211943 0.211949 0.576108
0.211995 0.212143 0.575861
0.211942 0.211942 0.576117
0.212159 0.212759 0.575082
0.211951 0.211979 0.576070
0.211947 0.211964 0.576089
0.211944 0.211951 0.576105
0.211944 0.211950 0.576106
0.211946 0.211958 0.576096
0.211943 0.211948 0.576108
0.214614 0.222381 0.563005
0.211942 0.211942 0.576117
0.211946 0.211957 0.576097
0.216622 0.230394 0.552985
0.211955 0.211993 0.576052
0.211954 0.211988 0.576058
0.211965 0.212028 0.576008
0.211943 0.211948 0.576109
0.211942 0.211943 0.576115
0.219865 0.564097 0.216038
0.211948 0.211966 0.576086
0.211942 0.211942 0.576117
0.211979 0.212083 0.575938
0.211984 0.212100 0.575916
0.211950 0.211973 0.576077
0.211942 0.211944 0.576114
0.211949 0.211969 0.576082
0.252586 0.526274 0.221139
0.211942 0.211943 0.576116
0.573671 0.213875 0.212454
0.211961 0.212015 0.576024
0.211942 0.211942 0.576117
0.211942 0.211942 0.576117
0.211942 0.211944 0.576114
0.211943 0.211946 0.576111
0.215056 0.212816 0.572128
0.211956 0.211996 0.576048
0.211947 0.211962 0.576091
0.211942 0.211944 0.576114
0.212261 0.213145 0.574594
0.541488 0.239904 0.218608
0.211943 0.211946 0.576112
0.211992 0.212132 0.575876
0.211953 0.211984 0.576064
0.211958 0.212002 0.576040
0.211944 0.211951 0.576105
0.211952 0.211980 0.576068
0.211952 0.211981 0.576067
0.211943 0.211949 0.576108
0.211955 0.211991 0.576054
0.211943 0.211946 0.576112
0.211942 0.211944 0.576113
0.211952 0.211981 0.576067
0.211945 0.211955 0.576100
0.214853 0.212710 0.572438
0.211944 0.211950 0.576106
0.211957 0.212000 0.576043
0.211963 0.212022 0.576016
0.211999 0.212155 0.575846
0.211942 0.211942 0.576117
0.211984 0.212100 0.575916
0.211963 0.212023 0.576013
0.211952 0.211982 0.576065
0.211942 0.211942 0.576116
0.211942 0.211942 0.576117
0.211943 0.211942 0.576115
0.212213 0.212961 0.574827
0.211989 0.212120 0.575891
0.211955 0.211992 0.576054
0.211942 0.211942 0.576117
0.211942 0.211942 0.576117
0.211942 0.211942 0.576117
0.211942 0.211942 0.576117
0.211942 0.211942 0.576117
0.211944 0.211950 0.576107
0.211943 0.211946 0.576112
0.211942 0.211942 0.576117
0.211950 0.211972 0.576078
0.211952 0.211982 0.576065
0.224831 0.274376 0.500794
0.211942 0.211942 0.576117
0.211942 0.211942 0.576117
0.211945 0.211955 0.576100
0.211943 0.211948 0.576109
0.211952 0.211980 0.576068
0.211957 0.211998 0.576045
0.211953 0.211983 0.576065
0.212093 0.212509 0.575399
0.211942 0.211945 0.576113
0.211942 0.211942 0.576117
0.211942 0.211942 0.576117
0.211949 0.211968 0.576084
0.211953 0.211983 0.576064
0.211951 0.211977 0.576072
0.211949 0.211970 0.576080
0.211962 0.212019 0.576019
0.211949 0.211970 0.576080
0.211971 0.212050 0.575979
0.211951 0.211976 0.576073
0.211942 0.211944 0.576113
0.211942 0.211944 0.576113
0.211942 0.211942 0.576117
0.211947 0.211962 0.576090
0.211965 0.212029 0.576006
0.211990 0.212122 0.575888
0.211997 0.212149 0.575855
0.211942 0.211942 0.576117
0.211942 0.211942 0.576117
0.211942 0.211942 0.576117
0.211943 0.211949 0.576108
0.211954 0.211989 0.576056
0.211965 0.212028 0.576008
0.212140 0.212677 0.575184
0.211950 0.211973 0.576077
0.211969 0.212043 0.575988
0.211942 0.211944 0.576114
0.211945 0.211956 0.576099
0.211953 0.211984 0.576063
0.211942 0.211944 0.576114
0.211942 0.211942 0.576117
0.211945 0.211954 0.576101
0.211978 0.212078 0.575945
0.211945 0.211954 0.576101
0.211990 0.212125 0.575885
0.211959 0.212007 0.576034
0.211944 0.211949 0.576107
0.211998 0.212153 0.575849
0.211952 0.211981 0.576067
0.211976 0.212071 0.575953
0.212230 0.213028 0.574742
0.211942 0.211942 0.576117
0.211942 0.211942 0.576116
0.211942 0.211944 0.576114
0.211942 0.211943 0.576116
0.211943 0.211947 0.576110
0.211951 0.211976 0.576073
0.556645 0.227510 0.215845
0.212001 0.212166 0.575832
0.211942 0.211942 0.576117
0.211942 0.211942 0.576117
0.211944 0.211950 0.576106
0.211981 0.212088 0.575931
0.211942 0.211942 0.576117
0.211942 0.211944 0.576113
0.212068 0.212418 0.575514
0.211942 0.211942 0.576117
0.211943 0.211945 0.576112
0.571270 0.215780 0.212951
0.211997 0.212149 0.575854
0.211950 0.211975 0.576075
0.211999 0.212156 0.575845
0.211950 0.211973 0.576077
0.211943 0.211946 0.576111
0.211945 0.211955 0.576100
0.211945 0.211953 0.576102
0.213451 0.568821 0.217728
0.211980 0.212085 0.575935
0.211967 0.212038 0.575995
0.227166 0.291325 0.481509
0.211944 0.211951 0.576105
0.211951 0.211977 0.576072
0.211944 0.211951 0.576105
0.219277 0.214864 0.565860
0.211942 0.211942 0.576117
0.211949 0.211971 0.576079
0.211987 0.212110 0.575903
0.211943 0.211949 0.576108
0.211978 0.212079 0.575943
0.211942 0.211942 0.576117
0.211957 0.211998 0.576046
0.213182 0.216679 0.570139
0.211978 0.212079 0.575943
0.211942 0.211942 0.576117
0.211942 0.211942 0.576117
0.212079 0.212458 0.575463
0.211948 0.211966 0.576086
0.211948 0.211967 0.576085
0.211942 0.211942 0.576117
0.211942 0.211942 0.576117
0.211945 0.211955 0.576099
0.211950 0.211972 0.576079
0.211947 0.211962 0.576090
0.211948 0.211967 0.576085
0.212208 0.212943 0.574849
0.211943 0.211946 0.576112
0.212031 0.212277 0.575692
0.220069 0.247046 0.532885
0.211946 0.211957 0.576098
0.211947 0.211961 0.576092
0.211965 0.212028 0.576008
0.211964 0.212025 0.576011
0.211982 0.212094 0.575924
0.211944 0.211950 0.576106
0.211942 0.211942 0.576117
0.211944 0.211949 0.576107
0.447840 0.230785 0.321375
0.212395 0.212992 0.574614
0.212152 0.575114 0.212733
0.211943 0.211948 0.576109
0.211943 0.211947 0.576110
0.212060 0.212385 0.575556
0.211942 0.211942 0.576116
0.211948 0.211965 0.576087
0.211946 0.211956 0.576098
0.212013 0.212211 0.575776
0.211942 0.211942 0.576117
0.211942 0.211942 0.576117
0.211957 0.212000 0.576043
0.211960 0.212011 0.576029
0.211942 0.211942 0.576117
0.211942 0.211942 0.576116
0.211943 0.211945 0.576112
0.211942 0.211942 0.576117
0.211954 0.211987 0.576060
0.211948 0.211965 0.576087
0.211960 0.212010 0.576030
0.211942 0.211942 0.576116
0.211945 0.211953 0.576102
0.211942 0.211942 0.576117
0.230711 0.441772 0.327517
0.212248 0.213095 0.574657
0.212072 0.575952 0.211977
0.211942 0.211945 0.576113
0.212043 0.212320 0.575637
0.212305 0.213311 0.574384
0.211984 0.212099 0.575917
0.211947 0.211963 0.576089
0.211963 0.212021 0.576016
0.211945 0.211953 0.576102
0.211985 0.212105 0.575910
0.211964 0.212026 0.576010
0.211942 0.211944 0.576113
0.211942 0.211942 0.576117
0.211942 0.211942 0.576117
0.211971 0.212051 0.575978
0.211942 0.211943 0.576116
0.211942 0.211942 0.576117
0.211949 0.211969 0.576082
0.211942 0.211942 0.576117
0.211948 0.211966 0.576085
0.561320 0.214983 0.223697
0.211952 0.211980 0.576069
0.211945 0.211954 0.576101
0.211942 0.211942 0.576117
0.212046 0.212332 0.575623
0.229150 0.308479 0.462370
0.211943 0.211946 0.576111
0.211945 0.211955 0.576099
0.211942 0.211942 0.576117
0.211943 0.211948 0.576109
0.212061 0.212378 0.575560
0.211942 0.211942 0.576117
0.211942 0.211944 0.576114
0.211944 0.211949 0.576107
0.211980 0.212084 0.575937
0.211943 0.211947 0.576110
0.211963 0.212021 0.576016
0.213037 0.216113 0.570850
0.214421 0.221595 0.563984
0.211942 0.211942 0.576117
0.212657 0.214649 0.572694
0.211965 0.212028 0.576007
0.211942 0.211942 0.576117
0.211942 0.211942 0.576117
0.227489 0.218178 0.554333
0.211949 0.211957 0.576094
0.211942 0.211942 0.576116
0.211942 0.211942 0.576117
0.211943 0.211948 0.576108
0.211948 0.211967 0.576085
0.211942 0.211942 0.576117
0.211942 0.211942 0.576117
0.212828 0.215308 0.571864
0.212235 0.213046 0.574718
0.211954 0.211987 0.576059
0.211945 0.211954 0.576102
0.211942 0.211942 0.576117
0.212003 0.212170 0.575827
0.211942 0.211942 0.576117
0.211942 0.211942 0.576117
0.528303 0.223862 0.247835
0.211945 0.211955 0.576099
0.220803 0.250820 0.528376
0.217650 0.235455 0.546895
0.214498 0.221907 0.563595
0.211942 0.211942 0.576117
0.211946 0.211957 0.576097
0.211986 0.212109 0.575905
0.293596 0.233788 0.472615
0.211942 0.211942 0.576117
0.211947 0.211962 0.576090
0.575389 0.212516 0.212095
0.211971 0.212050 0.575979
0.211960 0.212009 0.576032
0.213356 0.217100 0.569544
0.212017 0.212226 0.575757
0.212171 0.212805 0.575023
0.211942 0.211942 0.576117
0.211946 0.211959 0.576095
0.211948 0.211964 0.576088
0.211942 0.211942 0.576117
0.212231 0.213030 0.574740
0.211975 0.212067 0.575958
0.211942 0.211944 0.576114
0.211942 0.211942 0.576117
0.211945 0.211953 0.576103
0.211960 0.212009 0.576032
0.211945 0.211953 0.576103
0.211994 0.212138 0.575868
0.211943 0.211948 0.576109
0.211942 0.211942 0.576117
0.211945 0.211956 0.576098
0.211951 0.211975 0.576074
0.211942 0.211942 0.576117
0.211942 0.211942 0.576117
0.211942 0.211943 0.576116
0.213694 0.218685 0.567621
0.211992 0.212132 0.575876
0.211992 0.212133 0.575875
0.211942 0.211942 0.576117
0.211943 0.211945 0.576112
0.211947 0.211963 0.576090
0.211942 0.211942 0.576117
0.211942 0.211942 0.576117
0.211942 0.211943 0.576115
0.211942 0.211942 0.576117
0.211942 0.211942 0.576117
0.211942 0.211942 0.576117
0.211954 0.211988 0.576058
0.211945 0.211956 0.576099
0.211944 0.211950 0.576106
0.211942 0.211942 0.576117
0.211942 0.211942 0.576117
0.211944 0.211952 0.576104
0.211959 0.212005 0.576036
0.212022 0.212245 0.575733
0.212013 0.212208 0.575778
0.211944 0.211951 0.576105
0.211942 0.211942 0.576117
0.211955 0.211991 0.576054
0.212115 0.212589 0.575297
0.211942 0.211942 0.576117
0.211943 0.211947 0.576110
0.211968 0.212042 0.575990
0.211946 0.211959 0.576094
0.213016 0.574747 0.212237
0.211943 0.211948 0.576109
0.211943 0.211949 0.576108
0.211942 0.211942 0.576117
0.211942 0.211942 0.576117
0.211942 0.211942 0.576117
0.211952 0.211982 0.576065
0.211946 0.211958 0.576096
0.211956 0.211994 0.576050
0.211956 0.211995 0.576050
0.211947 0.211960 0.576093
0.211942 0.211942 0.576117
0.212003 0.212170 0.575827
0.211942 0.211942 0.576117
0.211946 0.211959 0.576095
0.211943 0.211949 0.576108
0.211942 0.211942 0.576117
0.573700 0.213852 0.212448
0.211942 0.211942 0.576117
0.211949 0.211970 0.576081
0.211942 0.211942 0.576117
0.212246 0.213086 0.574668
0.211967 0.212036 0.575998
0.211958 0.212001 0.576041
0.576110 0.211943 0.211947
0.569711 0.217019 0.213270
0.211942 0.211942 0.576117
0.212000 0.211957 0.576043
0.211942 0.211942 0.576117
0.211950 0.211975 0.576075
0.211942 0.211942 0.576117
0.211945 0.211953 0.576102
0.211973 0.212058 0.575969
0.211942 0.211942 0.576117
0.211999 0.212156 0.575845
0.211953 0.211985 0.576061
0.211943 0.211947 0.576110
0.212041 0.212316 0.575643
0.212044 0.212324 0.575632
0.211968 0.212039 0.575993
0.211952 0.211982 0.576066
0.211944 0.211950 0.576106
0.211946 0.211959 0.576095
0.211944 0.211952 0.576104
0.211950 0.211973 0.576076
0.230760 0.441680 0.327560
0.211959 0.212008 0.576033
0.211942 0.211942 0.576117
0.211945 0.211953 0.576102
0.211954 0.211987 0.576059
0.211952 0.211981 0.576067
0.212061 0.575547 0.212391
0.211951 0.211979 0.576070
0.211944 0.211950 0.576106
0.211942 0.211945 0.576113
0.211951 0.211975 0.576074
0.211954 0.211987 0.576060
0.279025 0.282676 0.438298
0.211942 0.211943 0.576115
0.211987 0.212111 0.575903
0.211943 0.211947 0.576110
0.211942 0.211942 0.576117
0.215166 0.212791 0.572043
0.211942 0.211942 0.576117
0.211964 0.212024 0.576012
0.211942 0.211942 0.576117
0.211953 0.211985 0.576062
0.211942 0.211942 0.576116
0.211958 0.212000 0.576043
0.211944 0.211950 0.576107
0.211942 0.211942 0.576117
0.211942 0.211942 0.576117
0.211942 0.211942 0.576117
0.211948 0.211957 0.576095
0.558041 0.226380 0.215578
0.211961 0.212014 0.576025
0.211942 0.211943 0.576116
0.211947 0.211960 0.576093
0.211942 0.211942 0.576117
0.211946 0.211959 0.576094
0.211942 0.211942 0.576116
0.211942 0.211942 0.576117
0.211942 0.211944 0.576114
0.211942 0.211942 0.576117
0.232453 0.403819 0.363728
0.211942 0.211943 0.576115
0.211952 0.211979 0.576069
0.211942 0.211945 0.576113
0.211960 0.212010 0.576030
0.211945 0.211956 0.576099
0.216348 0.570555 0.213097
0.211942 0.211943 0.576115
0.211942 0.211942 0.576117
0.211952 0.211979 0.576069
0.211944 0.211951 0.576105
0.211963 0.212023 0.576014
0.211951 0.211978 0.576071
0.211951 0.211977 0.576072
0.211950 0.211975 0.576075
0.211968 0.212040 0.575992
0.235972 0.349818 0.414211
0.211970 0.212047 0.575983
0.211984 0.212102 0.575914
0.211953 0.211983 0.576064
0.211942 0.211942 0.576117
0.211948 0.211967 0.576084
0.212870 0.215469 0.571662
0.211942 0.211942 0.576117
0.211942 0.211942 0.576117
0.212025 0.212255 0.575720
0.211942 0.211942 0.576117
0.211942 0.211942 0.576116
0.211942 0.211942 0.576116
0.565233 0.214187 0.220580
0.211945 0.211953 0.576102
0.211942 0.211942 0.576117
0.211942 0.211942 0.576117
0.212099 0.212532 0.575370
0.211959 0.212007 0.576034
0.211946 0.211959 0.576095
0.211942 0.211943 0.576115
0.219603 0.244718 0.535679
0.211943 0.211945 0.576112
0.211942 0.211942 0.576117
0.211946 0.211958 0.576096
0.212214 0.212965 0.574822
0.211979 0.212083 0.575937
0.211959 0.212007 0.576033
0.211944 0.211952 0.576103
0.211953 0.211985 0.576062
0.211942 0.211942 0.576117
0.211942 0.211942 0.576117
0.211942 0.211943 0.576116
0.211944 0.211952 0.576104
0.211954 0.211987 0.576059
0.211967 0.212038 0.575995
0.211961 0.212013 0.576027
0.211943 0.211948 0.576109
0.211961 0.212013 0.576026
0.211948 0.211965 0.576088
0.211945 0.211956 0.576099
0.211970 0.212049 0.575981
0.211958 0.212003 0.576039
0.211945 0.211954 0.576101
0.211942 0.211942 0.576117
0.211942 0.211942 0.576117
0.211955 0.211990 0.576055
0.211942 0.211942 0.576117
0.211953 0.211985 0.576061
0.211945 0.211953 0.576102
0.211982 0.212094 0.575924
0.211946 0.211960 0.576094
0.211944 0.211952 0.576104
0.211959 0.212006 0.576035
0.211948 0.211967 0.576085
0.211949 0.211969 0.576083
0.232246 0.355507 0.412247
0.211942 0.211943 0.576114
0.211942 0.211942 0.576117
0.211942 0.211942 0.576117
0.211942 0.211942 0.576117
0.211942 0.211942 0.576117
0.211944 0.211951 0.576105
0.211942 0.211942 0.576117
0.211944 0.211951 0.576105
0.211942 0.211942 0.576117
0.211949 0.211970 0.576081
0.211969 0.212045 0.575986
0.212492 0.214018 0.573491
0.211976 0.212070 0.575954
0.212222 0.212995 0.574783
0.211947 0.211961 0.576093
0.211943 0.211949 0.576108
0.212694 0.214775 0.572531
0.211942 0.211942 0.576117
0.211942 0.211942 0.576117
0.211962 0.212019 0.576019
0.211966 0.212031 0.576003
0.211962 0.212019 0.576018
0.211943 0.211949 0.576108
0.211944 0.211950 0.576107
0.575898 0.212114 0.211988
0.211950 0.211974 0.576076
0.211953 0.211983 0.576064
0.211970 0.212049 0.575981
0.211953 0.211983 0.576064
0.211953 0.211986 0.576060
0.211953 0.211983 0.576065
0.211965 0.212031 0.576003
0.211942 0.211943 0.576116
0.211958 0.212003 0.576040
0.211954 0.211988 0.576058
0.211942 0.211942 0.576117
0.483617 0.289453 0.226930
0.211942 0.211942 0.576117
0.211954 0.211986 0.576060
0.211946 0.211957 0.576098
0.211943 0.211946 0.576111
0.211948 0.211967 0.576085
0.211944 0.211951 0.576105
0.211959 0.212005 0.576036
0.546120 0.236091 0.217789
0.211942 0.211942 0.576117
0.211942 0.211943 0.576115
0.211942 0.211942 0.576117
0.211952 0.211981 0.576067
0.211961 0.212016 0.576022
0.211945 0.211953 0.576103
0.212002 0.211958 0.576040
0.211943 0.211946 0.576111
0.211945 0.211953 0.576103
0.211948 0.211966 0.576086
0.211981 0.212089 0.575930
0.212070 0.212424 0.575505
0.211947 0.211962 0.576091
0.211942 0.211942 0.576117
0.211942 0.211942 0.576116
0.213735 0.218849 0.567416
0.211942 0.211942 0.576117
0.211942 0.211942 0.576117
0.211944 0.211949 0.576107
0.211964 0.212025 0.576012
0.211942 0.211942 0.576117
0.212027 0.212263 0.575710
0.211984 0.212099 0.575918
0.211943 0.211947 0.576110
0.232666 0.376530 0.390804
0.211957 0.211999 0.576044
0.248934 0.457629 0.293437
0.211942 0.211942 0.576117
0.211947 0.211963 0.576089
0.211942 0.211942 0.576117
0.211946 0.211959 0.576095
0.211984 0.212101 0.575915
0.211955 0.211992 0.576054
0.212999 0.215968 0.571033
0.222970 0.262807 0.514223
0.211961 0.212014 0.576026
0.211942 0.211944 0.576113
0.211942 0.211942 0.576117
0.211942 0.211942 0.576117
0.211954 0.211989 0.576057
0.211948 0.211965 0.576087
0.211965 0.212028 0.576008
0.211950 0.211972 0.576079
0.211942 0.211942 0.576117
0.211942 0.211942 0.576117
0.211981 0.212089 0.575931
0.211942 0.211942 0.576117
0.211942 0.211942 0.576117
0.212040 0.212310 0.575650
0.211954 0.211987 0.576059
0.211946 0.211956 0.576099
0.212026 0.212259 0.575715
0.211942 0.211942 0.576117
0.211942 0.211942 0.576117
0.211942 0.211942 0.576117
0.211942 0.211942 0.576117
0.211942 0.211942 0.576117
0.211957 0.211998 0.576046
0.211943 0.211946 0.576111
0.211960 0.212012 0.576027
0.211943 0.211947 0.576110
0.211942 0.211942 0.576117
0.211960 0.212011 0.576029
0.211942 0.211945 0.576112
0.211942 0.211942 0.576117
0.211942 0.211942 0.576117
0.211944 0.211951 0.576105
0.211942 0.211942 0.576117
0.212505 0.214069 0.573426
0.213787 0.219055 0.567158
0.211948 0.211968 0.576084
0.211942 0.211942 0.576117
0.211943 0.211948 0.576109
0.211946 0.211958 0.576096
0.211959 0.211946 0.576095
0.211942 0.211943 0.576115
0.211942 0.211942 0.576117
0.211943 0.211949 0.576108
0.211942 0.211942 0.576117
0.211942 0.211943 0.576115
0.211945 0.211954 0.576102
0.211946 0.211956 0.576098
0.211946 0.211957 0.576097
0.212611 0.214473 0.572916
0.211942 0.211942 0.576117
0.211942 0.211942 0.576117
0.211949 0.211970 0.576081
0.229616 0.314089 0.456295
0.211942 0.211943 0.576115
0.211955 0.211992 0.576054
0.211981 0.212089 0.575930
0.211975 0.212067 0.575958
0.211979 0.212084 0.575937
0.211948 0.211966 0.576086
0.211942 0.211942 0.576117
0.211984 0.212102 0.575913
0.212948 0.574842 0.212209
0.211942 0.211942 0.576117
0.211942 0.211942 0.576117
0.211965 0.212028 0.576007
0.211960 0.212009 0.576032
0.211958 0.212004 0.576038
0.211943 0.211946 0.576111
0.211943 0.211946 0.576112
0.212122 0.212621 0.575257
0.212670 0.214701 0.572628
0.221705 0.214478 0.563817
0.211942 0.211942 0.576117
0.211942 0.211945 0.576113
0.211944 0.211950 0.576107
0.212105 0.212555 0.575340
0.211954 0.211989 0.576057
0.211943 0.211946 0.576111
0.211959 0.212008 0.576033
0.225195 0.497995 0.276810
0.211954 0.211990 0.576056
0.211963 0.212022 0.576014
0.211943 0.211946 0.576112
0.211943 0.211947 0.576110
0.211989 0.212120 0.575891
0.212052 0.212355 0.575594
0.211942 0.211942 0.576117
0.211942 0.211942 0.576117
0.211942 0.211942 0.576117
0.211944 0.211949 0.576107
0.211963 0.212014 0.576023
0.211942 0.211942 0.576117
0.211942 0.211942 0.576117
0.211980 0.212085 0.575935
0.211942 0.211943 0.576115
0.211960 0.212010 0.576030
0.211942 0.211942 0.576117
0.212000 0.212162 0.575838
0.211955 0.211992 0.576053
0.212009 0.212196 0.575795
0.211946 0.211958 0.576096
0.211988 0.212117 0.575894
0.211942 0.211942 0.576117
0.211942 0.211942 0.576117
0.211945 0.211954 0.576102
0.211951 0.211978 0.576070
0.211942 0.211942 0.576117
0.212088 0.212490 0.575422
0.574032 0.213590 0.212379
0.211949 0.211968 0.576083
0.218944 0.241506 0.539550
0.211946 0.211957 0.576097
0.211968 0.212040 0.575993
0.211948 0.211967 0.576085
0.212331 0.213407 0.574262
0.211949 0.211969 0.576083
0.211943 0.211949 0.576108
0.211942 0.211942 0.576117
0.211945 0.211956 0.576099
0.211949 0.211970 0.576081
0.528098 0.251054 0.220848
0.212184 0.212854 0.574962
0.212974 0.215857 0.571169
0.211949 0.211970 0.576081
0.231573 0.427279 0.341148
0.211974 0.212059 0.575968
0.211947 0.211962 0.576091
0.211942 0.211942 0.576117
0.211942 0.211942 0.576117
0.211948 0.211966 0.576086
0.212279 0.213214 0.574507
0.211942 0.211942 0.576116
0.212002 0.212166 0.575832
0.211947 0.211963 0.576089
0.211959 0.212008 0.576033
0.211947 0.211962 0.576091
0.211943 0.211946 0.576111
0.211953 0.211984 0.576063
0.211942 0.211943 0.576115
0.211962 0.212017 0.576021
0.211945 0.211955 0.576100
0.211944 0.211950 0.576107
0.211953 0.211984 0.576064
0.211945 0.211954 0.576101
0.211942 0.211942 0.576117
0.212295 0.213274 0.574430
0.211946 0.211958 0.576096
0.211945 0.211954 0.576101
0.212134 0.212665 0.575201
0.211943 0.211946 0.576111
0.211942 0.211943 0.576115
0.211942 0.211942 0.576116
0.211968 0.212039 0.575994
0.211945 0.211953 0.576102
0.211942 0.211942 0.576117
0.211966 0.212034 0.575999
0.211943 0.211946 0.576112
0.211942 0.211942 0.576117
0.211942 0.211942 0.576117
0.211942 0.211942 0.576117
0.211942 0.211942 0.576117
0.211942 0.211943 0.576115
0.211945 0.211954 0.576101
0.211942 0.211942 0.576117
0.211950 0.211971 0.576079
0.212108 0.212567 0.575325
0.211943 0.211947 0.576111
0.211943 0.211949 0.576108
0.211946 0.211960 0.576094
0.211943 0.211948 0.576109
0.211975 0.212067 0.575958
0.211942 0.211943 0.576116
0.211996 0.212145 0.575859
0.211942 0.211942 0.576117
0.211949 0.211969 0.576082
0.548925 0.233792 0.217282
0.211942 0.211942 0.576117
0.211942 0.211942 0.576117
0.211942 0.211942 0.576117
0.211955 0.211991 0.576054
0.211953 0.211983 0.576065
0.211944 0.211952 0.576104
0.212027 0.212262 0.575712
0.211943 0.211947 0.576110
0.211972 0.212054 0.575975
0.211951 0.211977 0.576072
0.211951 0.211977 0.576071
0.211944 0.211949 0.576107
0.211963 0.212022 0.576015
0.211942 0.211942 0.576117
0.211956 0.211997 0.576047
0.211943 0.211946 0.576111
0.212004 0.212176 0.575821
0.211980 0.212084 0.575937
0.211942 0.211943 0.576115
0.211964 0.212024 0.576012
0.211942 0.211942 0.576116
0.212003 0.212172 0.575825
0.211942 0.211942 0.576117
0.212345 0.213462 0.574193
0.211957 0.212001 0.576042
0.212103 0.212548 0.575349
0.211942 0.211944 0.576114
0.212137 0.212676 0.575186
0.211944 0.211950 0.576106
0.211949 0.211969 0.576082
0.215831 0.212964 0.571205
0.212051 0.212352 0.575597
0.212522 0.212349 0.575129
0.211942 0.211942 0.576117
0.211942 0.211942 0.576117
0.229643 0.308053 0.462304
0.211943 0.211946 0.576111
0.212032 0.212279 0.575690
0.212236 0.213051 0.574713
0.211946 0.211960 0.576094
0.211992 0.212131 0.575877
0.211945 0.211954 0.576102
0.211950 0.211974 0.576076
0.211954 0.211988 0.576058
0.211943 0.211945 0.576112
0.211957 0.212000 0.576043
0.212001 0.211957 0.576042
0.211942 0.211942 0.576117
0.212205 0.575069 0.212726
0.211942 0.211942 0.576117
0.211970 0.212049 0.575980
0.211944 0.211949 0.576107
0.211945 0.211953 0.576103
0.211942 0.211942 0.576117
0.211960 0.212011 0.576029
0.211943 0.211945 0.576112
0.211947 0.211960 0.576093
0.211953 0.211945 0.576102
0.212116 0.212597 0.575287
0.212044 0.212324 0.575632
0.211942 0.211942 0.576116
0.211942 0.211942 0.576117
0.212012 0.212205 0.575783
0.211962 0.212017 0.576021
0.211942 0.211942 0.576117
0.211942 0.211942 0.576117
0.211947 0.211960 0.576093
0.211944 0.211949 0.576108
0.212094 0.212513 0.575394
0.211947 0.211964 0.576089
0.211942 0.211942 0.576116
0.270965 0.432823 0.296211
0.211945 0.211953 0.576102
0.211942 0.211942 0.576117
0.211962 0.212019 0.576019
0.212105 0.212556 0.575339
0.211942 0.211942 0.576117
0.211942 0.211942 0.576117
0.211989 0.212119 0.575892
0.211945 0.211955 0.576100
0.211944 0.211950 0.576106
0.212285 0.213235 0.574479
0.211942 0.211944 0.576114
0.212142 0.212693 0.575165
0.212022 0.211963 0.576015
0.211942 0.211942 0.576117
0.211942 0.211942 0.576117
0.211943 0.211949 0.576108
0.211942 0.211942 0.576117
0.211942 0.211942 0.576117
0.212037 0.212298 0.575665
0.211960 0.212012 0.576028
0.211942 0.211942 0.576117
0.211942 0.211943 0.576115
0.211971 0.212052 0.575977
0.211944 0.211952 0.576103
0.211946 0.211958 0.576096
0.211944 0.211950 0.576107
0.211955 0.211991 0.576055
0.211969 0.212045 0.575985
0.211942 0.211942 0.576117
0.211942 0.211943 0.576115
0.211951 0.211976 0.576073
0.211944 0.211951 0.576104
0.211949 0.211971 0.576080
0.211951 0.211976 0.576073
0.211965 0.212030 0.576005
0.221035 0.526925 0.252040
0.211942 0.211942 0.576116
0.211942 0.211942 0.576117
0.211943 0.211946 0.576111
0.211942 0.211942 0.576117
0.211945 0.211954 0.576101
0.480690 0.291843 0.227468
0.211942 0.211942 0.576117
0.211942 0.211942 0.576116
0.211982 0.212093 0.575925
0.211946 0.211958 0.576096
0.211942 0.211942 0.576117
0.212361 0.213521 0.574118
0.211943 0.211947 0.576110
0.232437 0.541847 0.225716
0.211954 0.211988 0.576058
0.211949 0.211969 0.576083
0.211950 0.211974 0.576076
0.211945 0.211956 0.576099
0.211942 0.211942 0.576117
0.212058 0.212377 0.575565
0.222932 0.514488 0.262580
0.211942 0.211942 0.576116
0.211943 0.211947 0.576110
0.211942 0.211943 0.576115
0.211955 0.211993 0.576051
0.211960 0.212010 0.576030
0.211942 0.211942 0.576117
0.211945 0.211955 0.576100
0.211950 0.211972 0.576078
0.212072 0.212386 0.575542
0.211944 0.211950 0.576106
0.211942 0.211944 0.576113
0.298474 0.228018 0.473508
0.211942 0.211942 0.576117
0.482919 0.290065 0.227016
0.211942 0.211942 0.576117
0.211957 0.211998 0.576045
0.211942 0.211942 0.576117
0.211960 0.212012 0.576028
0.211942 0.211942 0.576117
0.211955 0.211993 0.576052
0.211942 0.211942 0.576117
0.211991 0.212128 0.575881
0.212121 0.212607 0.575272
0.211942 0.211942 0.576117
0.211958 0.212003 0.576039
0.211942 0.211942 0.576116
0.211954 0.211987 0.576060
0.212009 0.212191 0.575799
0.212108 0.212567 0.575324
0.211948 0.211943 0.576109
0.211942 0.211942 0.576117
0.211942 0.211942 0.576117
0.212030 0.212239 0.575731
0.211942 0.211942 0.576117
0.211942 0.211942 0.576117
0.211942 0.211944 0.576114
0.211946 0.211958 0.576096
0.211942 0.211944 0.576114
0.211942 0.211942 0.576117
0.211944 0.211950 0.576106
0.211946 0.211958 0.576096
0.211955 0.211990 0.576056
0.211942 0.211942 0.576117
0.213523 0.568466 0.218011
0.211993 0.212133 0.575875
0.211942 0.211942 0.576117
0.211942 0.211942 0.576117
0.211951 0.211976 0.576073
0.227152 0.220108 0.552740
0.211948 0.211964 0.576088
0.211960 0.212010 0.576030
0.211942 0.211945 0.576113
0.211949 0.211970 0.576081
0.211942 0.211942 0.576117
0.211942 0.211942 0.576117
0.211942 0.211942 0.576117
0.211957 0.211999 0.576044
0.211942 0.211942 0.576117
0.211942 0.211942 0.576117
0.212264 0.213155 0.574581
0.211981 0.212091 0.575927
0.563599 0.221904 0.214497
0.211948 0.211966 0.576086
0.211945 0.211954 0.576101
0.211942 0.211942 0.576117
0.212385 0.213612 0.574003
0.211950 0.211975 0.576075
0.211943 0.211946 0.576111
0.211953 0.211983 0.576064
0.211952 0.211982 0.576065
0.211991 0.212126 0.575883
0.211942 0.211942 0.576117
0.211942 0.211942 0.576117
0.211949 0.211969 0.576082
0.575356 0.212543 0.212102
0.211943 0.211946 0.576111
0.211959 0.212007 0.576034
0.212042 0.212288 0.575670
0.213336 0.217277 0.569387
0.211955 0.211991 0.576054
0.211957 0.212000 0.576042
0.211946 0.211959 0.576094
0.211943 0.211948 0.576109
0.211942 0.211943 0.576115
0.211942 0.211942 0.576117
0.212005 0.212178 0.575817
0.211948 0.211965 0.576088
0.211948 0.211964 0.576088
0.211942 0.211942 0.576117
0.211954 0.211986 0.576061
0.211943 0.211947 0.576110
0.211943 0.211945 0.576112
0.211943 0.211946 0.576111
0.211944 0.211949 0.576107
0.211942 0.211942 0.576117
0.212049 0.212344 0.575606
0.211995 0.212140 0.575865
0.211969 0.576082 0.211949
0.211943 0.211947 0.576110
0.211985 0.212105 0.575910
0.211949 0.211968 0.576083
0.211942 0.211945 0.576113
0.211948 0.211966 0.576087
0.211942 0.211942 0.576117
0.211953 0.211985 0.576062
0.212033 0.212286 0.575681
0.211945 0.211956 0.576099
0.211947 0.211962 0.576091
0.211945 0.211955 0.576100
0.212180 0.575814 0.212005
0.218095 0.213562 0.568343
0.211957 0.211998 0.576045
0.212027 0.212201 0.575772
0.211955 0.211992 0.576053
0.211948 0.211966 0.576086
0.211951 0.211944 0.576105
0.211943 0.211946 0.576111
0.213532 0.214426 0.572043
0.211942 0.211942 0.576117
0.211964 0.212025 0.576011
0.211944 0.211951 0.576105
0.211944 0.211952 0.576104
0.211949 0.211971 0.576079
0.211989 0.212119 0.575892
0.211944 0.211952 0.576103
0.211942 0.211942 0.576117
0.211942 0.211942 0.576117
0.211942 0.211942 0.576117
0.211942 0.211942 0.576117
0.211942 0.211942 0.576117
0.531086 0.220365 0.248550
0.211959 0.212006 0.576036
0.211942 0.211942 0.576117
0.211964 0.211974 0.576062
0.211942 0.211942 0.576117
0.211943 0.211947 0.576109
0.211942 0.211945 0.576113
0.211956 0.211994 0.576050
0.212001 0.212165 0.575834
0.211943 0.211948 0.576109
0.211944 0.211952 0.576104
0.212008 0.212191 0.575801
0.211944 0.211950 0.576107
0.211978 0.212077 0.575945
0.211942 0.211942 0.576117
0.211944 0.211950 0.576107
0.211942 0.211942 0.576117
0.211942 0.211942 0.576117
0.211942 0.211942 0.576117
0.211945 0.211953 0.576103
0.211943 0.211947 0.576111
0.211948 0.211967 0.576084
0.237135 0.226361 0.536505
0.211948 0.211965 0.576087
0.211943 0.211948 0.576109
0.211955 0.211991 0.576054
0.212017 0.212226 0.575757
0.212870 0.212189 0.574941
0.211981 0.212090 0.575928
0.574731 0.213027 0.212242
0.573406 0.214085 0.212509
0.211947 0.211964 0.576089
0.211942 0.211942 0.576116
0.211942 0.211942 0.576117
0.211942 0.211942 0.576117
0.211942 0.211942 0.576117
0.219512 0.244265 0.536223
0.211943 0.211948 0.576108
0.227291 0.282795 0.489915
0.212736 0.214952 0.572312
0.211946 0.211959 0.576095
0.211948 0.211966 0.576085
0.212062 0.212395 0.575542
0.212146 0.212706 0.575149
0.212068 0.212262 0.575670
0.215943 0.225248 0.558809
0.211942 0.211942 0.576117
0.211942 0.211942 0.576117
0.212726 0.214913 0.572361
0.211942 0.211942 0.576117
0.211942 0.211942 0.576117
0.211942 0.211942 0.576117
0.211942 0.211942 0.576117
0.212049 0.212344 0.575608
0.212146 0.212695 0.575159
0.212070 0.212425 0.575505
0.211949 0.211969 0.576082
0.211952 0.211982 0.576066
0.211959 0.212009 0.576032
0.211966 0.212034 0.576000
0.212000 0.212162 0.575838
0.211942 0.211942 0.576117
0.211946 0.211959 0.576095
0.211943 0.211946 0.576112
0.211942 0.211943 0.576115
0.211962 0.212018 0.576021
0.211942 0.211942 0.576117
0.211942 0.211942 0.576117
0.212016 0.212222 0.575761
0.211942 0.211942 0.576117
0.211945 0.211956 0.576099
0.211947 0.211963 0.576090
0.211942 0.211942 0.576117
0.211950 0.211974 0.576076
0.215171 0.224674 0.560155
0.211955 0.211992 0.576053
0.211942 0.211944 0.576114
0.211966 0.212033 0.576001
0.211946 0.211960 0.576094
0.211949 0.211969 0.576082
0.211942 0.211942 0.576117
0.211942 0.211942 0.576117
0.211942 0.211942 0.576117
0.211986 0.212107 0.575907
0.211942 0.211942 0.576117
0.211958 0.212003 0.576039
0.212114 0.211987 0.575899
0.573129 0.214304 0.212566
0.211942 0.211942 0.576117
0.212331 0.574334 0.213335
0.211942 0.211942 0.576117
0.211952 0.211980 0.576068
0.211943 0.211948 0.576108
0.211950 0.211975 0.576075
0.211944 0.211950 0.576107
0.211961 0.212015 0.576024
0.212065 0.212403 0.575532
0.211942 0.211942 0.576117
0.213040 0.215572 0.571388
0.211942 0.211942 0.576117
0.211942 0.211942 0.576116
0.211942 0.211942 0.576116
0.211947 0.211961 0.576093
0.211958 0.212002 0.576041
0.211947 0.211963 0.576090
0.211950 0.211974 0.576075
0.211944 0.211949 0.576107
0.211963 0.212022 0.576014
0.211952 0.211980 0.576068
0.212026 0.212260 0.575714
0.211945 0.211953 0.576102
0.211976 0.212069 0.575956
0.211945 0.211955 0.576099
0.211951 0.211976 0.576074
0.211943 0.211946 0.576112
0.212309 0.213324 0.574367
0.211949 0.211969 0.576082
0.211943 0.211947 0.576110
0.211942 0.211942 0.576117
0.211950 0.211972 0.576078
0.211971 0.212050 0.575979
0.211961 0.212016 0.576023
0.213480 0.217840 0.568680
0.211947 0.211962 0.576091
0.211942 0.211943 0.576115
0.211944 0.211949 0.576108
0.211949 0.211971 0.576080
0.211973 0.212060 0.575967
0.212275 0.213196 0.574529
0.212030 0.212274 0.575696
0.212006 0.212183 0.575810
0.211946 0.211956 0.576098
0.211950 0.211974 0.576076
0.211943 0.211947 0.576110
0.211942 0.211942 0.576117
0.211945 0.211953 0.576103
0.211942 0.211942 0.576117
0.211945 0.211956 0.576098
0.211943 0.211945 0.576112
0.211942 0.211942 0.576117
0.211950 0.211972 0.576078
0.212024 0.212250 0.575726
0.211942 0.211944 0.576114
0.211948 0.211964 0.576089
0.211943 0.211949 0.576108
0.211944 0.211952 0.576103
0.211961 0.212013 0.576026
0.211943 0.211946 0.576112
0.211966 0.212034 0.576000
0.211942 0.211942 0.576117
0.563895 0.221636 0.214469
0.211960 0.212011 0.576029
0.211945 0.211956 0.576099
0.213488 0.217875 0.568637
0.212066 0.212298 0.575636
0.211945 0.211955 0.576100
0.211952 0.211981 0.576067
0.212017 0.212224 0.575759
0.211971 0.212053 0.575976
0.211942 0.211942 0.576117
0.211950 0.211973 0.576077
0.211945 0.211953 0.576102
0.211949 0.211970 0.576081
0.211942 0.211942 0.576117
0.211944 0.211952 0.576104
0.211954 0.211989 0.576056
0.212200 0.212912 0.574889
0.211986 0.212108 0.575906
0.575095 0.212748 0.212156
0.211942 0.211943 0.576116
0.211954 0.211989 0.576056
0.211951 0.211976 0.576074
