0.213129 0.216464 0.570406
0.211949 0.211971 0.576080
0.211942 0.211942 0.576117
0.211956 0.211997 0.576046
0.211942 0.211942 0.576117
0.211966 0.212034 0.575999
0.211950 0.211972 0.576078
0.211960 0.212011 0.576029
0.211949 0.211970 0.576080
0.212071 0.212428 0.575500
0.575942 0.212079 0.211978
0.211942 0.211942 0.576117
0.211949 0.211968 0.576084
0.214123 0.220396 0.565480
0.211950 0.211974 0.576075
0.211957 0.212001 0.576042
0.211942 0.211942 0.576117
0.211942 0.211942 0.576117
0.211942 0.211942 0.576117
0.211943 0.211948 0.576109
0.211964 0.212026 0.576010
0.211949 0.211970 0.576081
0.215004 0.223984 0.561012
0.211942 0.211944 0.576114
0.211942 0.211943 0.576115
0.211942 0.211942 0.576117
0.234349 0.548244 0.217407
0.212010 0.575811 0.212179
0.214130 0.220405 0.565465
0.211943 0.211949 0.576108
0.211942 0.211942 0.576117
0.212021 0.211963 0.576016
0.211942 0.211942 0.576117
0.211962 0.212019 0.576019
0.211960 0.212010 0.576030
0.211943 0.211948 0.576108
0.211942 0.211942 0.576117
0.211942 0.211942 0.576117
0.211980 0.212086 0.575934
0.220242 0.232738 0.547020
0.211942 0.211944 0.576113
0.212142 0.212693 0.575165
0.211944 0.211952 0.576103
0.211943 0.211948 0.576109
0.211945 0.211954 0.576101
0.211947 0.211963 0.576089
0.211985 0.212105 0.575910
0.211999 0.212156 0.575845
0.211963 0.212023 0.576014
0.212079 0.212395 0.575526
0.211972 0.212055 0.575973
0.211945 0.211954 0.576101
0.211956 0.211997 0.576046
0.211959 0.212005 0.576036
0.308713 0.462181 0.229106
0.211942 0.211942 0.576117
0.232692 0.380887 0.386421
0.211942 0.211942 0.576117
0.211942 0.211942 0.576117
0.211997 0.212148 0.575856
0.211943 0.211946 0.576112
0.211956 0.211993 0.576051
0.211942 0.211944 0.576113
0.211942 0.211942 0.576117
0.211959 0.212006 0.576035
0.211949 0.211970 0.576081
0.211943 0.211945 0.576112
0.211943 0.211947 0.576109
0.212630 0.572824 0.214546
0.286026 0.487486 0.226488
0.212413 0.213609 0.573978
0.211942 0.211942 0.576117
0.211942 0.211942 0.576117
0.211942 0.211942 0.576117
0.211942 0.211942 0.576117
0.211972 0.212055 0.575973
0.211942 0.211942 0.576117
0.211942 0.211943 0.576115
0.211942 0.211942 0.576117
0.211966 0.212032 0.576002
0.211942 0.211942 0.576117
0.517153 0.222539 0.260308
0.212434 0.212073 0.575493
0.211946 0.211957 0.576098
0.211955 0.211992 0.576053
0.211945 0.211956 0.576099
0.211952 0.211980 0.576068
0.211951 0.211979 0.576070
0.212146 0.212710 0.575144
0.211961 0.212015 0.576023
0.558514 0.225999 0.215488
0.211942 0.211942 0.576117
0.211944 0.211949 0.576107
0.211942 0.211942 0.576117
0.211942 0.211942 0.576117
0.211942 0.211942 0.576117
0.211942 0.211942 0.576117
0.212869 0.212188 0.574943
0.505996 0.224133 0.269872
0.211951 0.211979 0.576070
0.211942 0.211942 0.576117
0.212054 0.212285 0.575660
0.211942 0.211942 0.576117
0.212010 0.212199 0.575791
0.211956 0.211996 0.576048
0.212006 0.212180 0.575815
0.211950 0.211971 0.576079
0.211942 0.576116 0.211942
0.212015 0.212180 0.575805
0.211970 0.212047 0.575983
0.212167 0.212788 0.575045
0.212010 0.212185 0.575804
0.211943 0.211948 0.576108
0.211942 0.211942 0.576116
0.211947 0.211961 0.576093
0.211951 0.211979 0.576070
0.212141 0.212691 0.575168
0.211945 0.211956 0.576099
0.211985 0.212092 0.575923
0.211944 0.211949 0.576108
0.211949 0.211970 0.576081
0.211942 0.211942 0.576117
0.212011 0.211960 0.576029
0.211950 0.211974 0.576076
0.211949 0.211968 0.576084
0.214616 0.222390 0.562994
0.211946 0.211957 0.576098
0.213382 0.212564 0.574054
0.211948 0.211965 0.576087
0.211954 0.211987 0.576059
0.211952 0.211979 0.576069
0.211961 0.212013 0.576027
0.212033 0.212286 0.575681
0.211990 0.212122 0.575888
0.211942 0.211942 0.576117
0.230230 0.321213 0.448557
0.576116 0.211943 0.211942
0.211966 0.212034 0.575999
0.212003 0.212171 0.575827
0.211960 0.212006 0.576034
0.211947 0.211962 0.576091
0.211942 0.211942 0.576117
0.211943 0.211946 0.576111
0.214391 0.221451 0.564159
0.211958 0.212003 0.576039
0.211962 0.212018 0.576020
0.212159 0.212758 0.575083
0.231893 0.346150 0.421957
0.212030 0.212272 0.575699
0.212141 0.212541 0.575318
0.211961 0.212010 0.576029
0.212077 0.212449 0.575473
0.211951 0.211976 0.576074
0.211963 0.212024 0.576013
0.211942 0.211942 0.576117
0.211970 0.212047 0.575983
0.219550 0.244229 0.536221
0.211943 0.211946 0.576111
0.211942 0.211944 0.576114
0.211992 0.212131 0.575877
0.211942 0.211942 0.576117
0.211968 0.212041 0.575990
0.211942 0.211942 0.576117
0.211947 0.211964 0.576089
0.211965 0.212031 0.576003
0.211942 0.211945 0.576113
0.212394 0.213650 0.573956
0.572509 0.214796 0.212695
0.212053 0.212360 0.575587
0.211942 0.211942 0.576117
0.211992 0.212067 0.575940
0.574869 0.212927 0.212204
0.211964 0.212026 0.576010
0.212029 0.212270 0.575700
0.211942 0.211942 0.576117
0.211987 0.212113 0.575900
0.576112 0.211945 0.211943
0.211947 0.211961 0.576092
0.211946 0.211959 0.576094
0.211979 0.212084 0.575937
0.211955 0.211993 0.576051
0.211976 0.212071 0.575952
0.211949 0.211968 0.576083
0.211981 0.212088 0.575932
0.211966 0.212035 0.575999
0.211959 0.212005 0.576036
0.211944 0.211952 0.576103
0.211979 0.212081 0.575940
0.211942 0.211942 0.576117
0.212417 0.213736 0.573847
0.212140 0.212688 0.575171
0.211956 0.211996 0.576047
0.212571 0.213047 0.574382
0.211945 0.211956 0.576099
0.232695 0.382145 0.385160
0.211947 0.211961 0.576092
0.212026 0.212258 0.575716
0.211951 0.211979 0.576070
0.211942 0.211942 0.576117
0.211968 0.212042 0.575989
0.211973 0.211960 0.576066
0.211975 0.212067 0.575958
0.211995 0.212137 0.575868
0.211951 0.211979 0.576070
0.211951 0.211975 0.576074
0.211942 0.211942 0.576116
0.211949 0.211970 0.576081
0.211942 0.211942 0.576117
0.211942 0.211942 0.576117
0.211942 0.211942 0.576117
0.211942 0.211942 0.576117
0.211942 0.211942 0.576117
0.212005 0.212178 0.575817
0.211962 0.212018 0.576020
0.211942 0.211942 0.576117
0.211942 0.211942 0.576117
0.211947 0.211962 0.576091
0.211942 0.211942 0.576117
0.211942 0.211942 0.576117
0.211965 0.212030 0.576005
0.211944 0.211949 0.576107
0.211950 0.211972 0.576078
0.211971 0.212054 0.575975
0.211976 0.212070 0.575955
0.211942 0.211942 0.576117
0.211968 0.212041 0.575991
0.211942 0.211942 0.576117
0.211942 0.211942 0.576117
0.211981 0.212089 0.575930
0.211942 0.211943 0.576115
0.211950 0.211973 0.576077
0.211961 0.212015 0.576024
0.211943 0.211947 0.576110
0.211991 0.212126 0.575883
0.212602 0.214170 0.573229
0.576113 0.211945 0.211942
0.211966 0.212035 0.575999
0.211943 0.211948 0.576108
0.212104 0.212551 0.575345
0.212006 0.212183 0.575811
0.211994 0.212140 0.575866
0.211942 0.211942 0.576117
0.211968 0.212042 0.575990
0.211942 0.211942 0.576117
0.212032 0.212279 0.575688
0.211942 0.211942 0.576117
0.211942 0.211942 0.576117
0.211952 0.211982 0.576065
0.212141 0.212668 0.575191
0.212647 0.214613 0.572740
0.211957 0.212000 0.576043
0.212014 0.212214 0.575772
0.212092 0.212505 0.575403
0.211942 0.211942 0.576117
0.211942 0.211942 0.576117
0.211942 0.211942 0.576117
0.211942 0.211942 0.576117
0.211942 0.211942 0.576117
0.211971 0.212052 0.575977
0.211987 0.212111 0.575902
0.211970 0.212049 0.575981
0.212019 0.212230 0.575751
0.211999 0.212158 0.575843
0.211942 0.211942 0.576117
0.211992 0.211995 0.576013
0.211942 0.211942 0.576117
0.212872 0.215475 0.571653
0.211945 0.211955 0.576100
0.211996 0.212144 0.575860
0.211998 0.212154 0.575848
0.211942 0.211943 0.576115
0.211944 0.211952 0.576103
0.211942 0.211943 0.576116
0.211978 0.212079 0.575943
0.211957 0.212000 0.576042
0.211951 0.211977 0.576072
0.211955 0.211990 0.576055
0.213933 0.212518 0.573549
0.211977 0.212074 0.575949
0.211956 0.211996 0.576048
0.212195 0.212009 0.575796
0.212043 0.212323 0.575634
0.212034 0.575679 0.212287
0.211962 0.212017 0.576022
0.211942 0.211944 0.576113
0.211943 0.211945 0.576112
0.216051 0.228391 0.555558
0.211977 0.212076 0.575947
0.211942 0.211944 0.576114
0.211966 0.212033 0.576000
0.211942 0.211942 0.576117
0.211946 0.211958 0.576097
0.211942 0.211943 0.576115
0.211951 0.211978 0.576071
0.211942 0.211942 0.576116
0.211942 0.211942 0.576117
0.211944 0.211949 0.576107
0.211942 0.211942 0.576117
0.211942 0.211942 0.576116
0.211954 0.211990 0.576056
0.211973 0.212060 0.575966
0.211946 0.211957 0.576097
0.211943 0.211945 0.576112
0.211949 0.211971 0.576080
0.576050 0.211956 0.211995
0.211942 0.211942 0.576117
0.211942 0.211944 0.576114
0.212994 0.215946 0.571061
0.211942 0.211942 0.576117
0.212006 0.212184 0.575810
0.211946 0.211957 0.576097
0.211942 0.211942 0.576117
0.211942 0.211942 0.576117
0.211943 0.211946 0.576111
0.211942 0.211942 0.576117
0.212945 0.215732 0.571323
0.211950 0.211975 0.576074
0.211960 0.212010 0.576030
0.211942 0.211943 0.576115
0.211960 0.212012 0.576027
0.212054 0.212363 0.575583
0.212174 0.212816 0.575010
0.211944 0.211951 0.576105
0.212026 0.212258 0.575715
0.211960 0.212009 0.576031
0.211997 0.212089 0.575914
0.211977 0.212073 0.575951
0.211950 0.211974 0.576075
0.211942 0.211942 0.576117
0.211990 0.212122 0.575887
0.211943 0.211948 0.576109
0.211947 0.211960 0.576093
0.211942 0.211942 0.576117
0.211943 0.211947 0.576109
0.211942 0.211942 0.576117
0.211947 0.211960 0.576093
0.211990 0.212123 0.575887
0.211944 0.211950 0.576107
0.211958 0.212002 0.576040
0.211957 0.211998 0.576045
0.212471 0.213874 0.573655
0.211942 0.211942 0.576116
0.471624 0.300167 0.228209
0.211942 0.211942 0.576117
0.211944 0.211950 0.576106
0.211958 0.212004 0.576037
0.211950 0.211974 0.576075
0.211943 0.211946 0.576111
0.212803 0.215212 0.571984
0.212233 0.213038 0.574728
0.211978 0.212079 0.575943
0.211949 0.211971 0.576080
0.212089 0.212494 0.575417
0.211978 0.212077 0.575945
0.211982 0.212093 0.575925
0.211951 0.211979 0.576070
0.211954 0.211988 0.576058
0.212032 0.212282 0.575686
0.211984 0.212101 0.575914
0.211982 0.212094 0.575924
0.233261 0.368618 0.398121
0.211942 0.211945 0.576113
0.211946 0.211958 0.576096
0.212035 0.212292 0.575673
0.211942 0.211942 0.576117
0.211942 0.211942 0.576117
0.211988 0.212117 0.575895
0.211953 0.211986 0.576061
0.211944 0.211949 0.576107
0.212090 0.212493 0.575417
0.211965 0.212031 0.576003
0.211943 0.211945 0.576112
0.211974 0.212064 0.575962
0.211942 0.211942 0.576117
0.211943 0.211947 0.576110
0.211950 0.211974 0.576076
0.255649 0.221706 0.522644
0.211946 0.211957 0.576098
0.212442 0.213828 0.573731
0.211943 0.211946 0.576111
0.211942 0.211945 0.576113
0.211959 0.212007 0.576034
0.211942 0.211942 0.576117
0.211971 0.576079 0.211949
0.211975 0.212068 0.575956
0.211944 0.211947 0.576109
0.211942 0.211942 0.576117
0.211962 0.212016 0.576022
0.211971 0.212050 0.575979
0.211942 0.211942 0.576117
0.212750 0.215007 0.572242
0.211971 0.212052 0.575977
0.211959 0.212005 0.576036
0.211942 0.211942 0.576117
0.211942 0.211942 0.576117
0.211961 0.212015 0.576024
0.211954 0.211989 0.576057
0.211942 0.211942 0.576117
0.211967 0.212035 0.575998
0.212061 0.212389 0.575550
0.211943 0.211948 0.576109
0.211962 0.212017 0.576022
0.212051 0.212351 0.575598
0.211943 0.211947 0.576110
0.211962 0.212019 0.576019
0.211948 0.211964 0.576088
0.213249 0.574334 0.212417
0.211942 0.211942 0.576117
0.211942 0.211942 0.576117
0.211970 0.212050 0.575980
0.211954 0.211988 0.576058
0.211942 0.211944 0.576114
0.212037 0.212300 0.575663
0.576110 0.211947 0.211943
0.211971 0.212052 0.575977
0.211942 0.211942 0.576117
0.212283 0.213228 0.574489
0.211963 0.212023 0.576014
0.212083 0.212472 0.575446
0.211942 0.211943 0.576115
0.211942 0.211942 0.576117
0.211942 0.211942 0.576117
0.211949 0.211969 0.576082
0.211942 0.211942 0.576117
0.211942 0.211942 0.576116
0.220484 0.248104 0.531413
0.212178 0.212829 0.574993
0.211942 0.211942 0.576117
0.211951 0.211976 0.576074
0.212075 0.212441 0.575484
0.211949 0.211968 0.576084
0.211965 0.212030 0.576004
0.211955 0.211991 0.576054
0.211942 0.211942 0.576117
0.211942 0.211944 0.576114
0.211997 0.212149 0.575854
0.212064 0.212400 0.575537
0.211942 0.211943 0.576115
0.212158 0.212756 0.575085
0.211956 0.211996 0.576048
0.211942 0.211942 0.576117
0.211964 0.212027 0.576008
0.211942 0.211942 0.576117
0.212653 0.214636 0.572710
0.212031 0.212278 0.575691
0.213695 0.218688 0.567617
0.211947 0.211961 0.576092
0.212687 0.214764 0.572549
0.212032 0.212283 0.575685
0.211942 0.211942 0.576117
0.211943 0.211947 0.576109
0.211945 0.211956 0.576099
0.211952 0.211981 0.576067
0.212002 0.212170 0.575828
0.211953 0.211985 0.576062
0.212037 0.212300 0.575663
0.211946 0.211957 0.576098
0.211990 0.212124 0.575886
0.211942 0.211942 0.576117
0.212050 0.212349 0.575600
0.212028 0.212266 0.575706
0.211942 0.211942 0.576117
0.212305 0.213312 0.574382
0.212100 0.212535 0.575366
0.211946 0.211959 0.576094
0.211968 0.212041 0.575990
0.212984 0.215229 0.571787
0.211948 0.211964 0.576088
0.211942 0.211942 0.576116
0.211968 0.212039 0.575993
0.211948 0.211964 0.576088
0.211957 0.211999 0.576044
0.211943 0.211946 0.576112
0.211960 0.212010 0.576030
0.211942 0.211942 0.576117
0.211942 0.211942 0.576117
0.211942 0.211942 0.576117
0.211942 0.211942 0.576117
0.211942 0.211942 0.576117
0.282992 0.226074 0.490933
0.211942 0.211942 0.576117
0.211964 0.212025 0.576011
0.211947 0.211961 0.576092
0.211942 0.211942 0.576117
0.211958 0.212002 0.576040
0.211950 0.211975 0.576075
0.211969 0.212046 0.575985
0.211994 0.212137 0.575869
0.211944 0.211952 0.576104
0.212005 0.212101 0.575894
0.211942 0.211942 0.576117
0.211974 0.212063 0.575962
0.211942 0.211942 0.576117
0.212064 0.212401 0.575536
0.211951 0.211976 0.576073
0.213577 0.218225 0.568198
0.211975 0.212067 0.575958
0.211965 0.212031 0.576003
0.211985 0.212106 0.575909
0.211947 0.211963 0.576090
0.211946 0.211957 0.576097
0.575453 0.212466 0.212081
0.213398 0.217510 0.569092
0.211948 0.211965 0.576087
0.222696 0.261201 0.516103
0.212069 0.212422 0.575509
0.211942 0.211942 0.576117
0.211944 0.211949 0.576107
0.211954 0.211986 0.576060
0.211943 0.211947 0.576110
0.211942 0.211942 0.576117
0.211943 0.211948 0.576108
0.211997 0.212135 0.575868
0.211942 0.211942 0.576117
0.211942 0.211943 0.576115
0.211971 0.212052 0.575976
0.212012 0.212206 0.575782
0.211942 0.211945 0.576113
0.211942 0.211942 0.576117
0.212044 0.212321 0.575635
0.211942 0.211942 0.576116
0.211945 0.211953 0.576103
0.211942 0.211942 0.576117
0.212001 0.212165 0.575834
0.211987 0.212113 0.575899
0.211950 0.211975 0.576075
0.212000 0.212160 0.575840
0.212092 0.212501 0.575407
0.211955 0.211991 0.576054
0.576101 0.211954 0.211945
0.211942 0.211942 0.576117
0.211948 0.211967 0.576085
0.211958 0.212005 0.576037
0.212007 0.212189 0.575804
0.211942 0.211942 0.576117
0.211956 0.211997 0.576047
0.212069 0.212421 0.575510
0.211967 0.212038 0.575995
0.211986 0.212109 0.575904
0.211999 0.212157 0.575844
0.211942 0.211942 0.576117
0.211960 0.212012 0.576027
0.211942 0.211942 0.576117
0.211948 0.211966 0.576085
0.211973 0.212061 0.575966
0.211956 0.211995 0.576050
0.211961 0.212016 0.576023
0.211943 0.211949 0.576108
0.212156 0.212748 0.575096
0.211961 0.212015 0.576024
0.212248 0.213096 0.574656
0.212164 0.212775 0.575061
0.211951 0.211976 0.576073
0.211963 0.211947 0.576090
0.211952 0.211979 0.576070
0.213216 0.216043 0.570741
0.211946 0.211958 0.576097
0.211943 0.211946 0.576111
0.211949 0.211970 0.576081
0.211955 0.211993 0.576052
0.211962 0.212019 0.576019
0.211942 0.211942 0.576117
0.211944 0.211950 0.576107
0.212512 0.214096 0.573393
0.211942 0.211942 0.576117
0.211958 0.212001 0.576041
0.211964 0.212025 0.576011
0.212017 0.212223 0.575760
0.211996 0.212146 0.575858
0.211951 0.211976 0.576073
0.211945 0.211953 0.576103
0.211942 0.211942 0.576117
0.299885 0.228177 0.471937
0.571471 0.213257 0.215272
0.211942 0.211942 0.576117
0.211942 0.211942 0.576117
0.211942 0.211942 0.576117
0.211942 0.211942 0.576117
0.211942 0.211942 0.576117
0.211942 0.211942 0.576117
0.212902 0.215593 0.571504
0.211944 0.211951 0.576105
0.211961 0.212015 0.576023
0.212029 0.212268 0.575703
0.211946 0.211958 0.576096
0.211958 0.212003 0.576040
0.211942 0.211942 0.576117
0.211988 0.212114 0.575898
0.219049 0.241932 0.539020
0.211944 0.211950 0.576107
0.211946 0.211958 0.576096
0.211992 0.212132 0.575876
0.211972 0.212056 0.575972
0.211942 0.211942 0.576117
0.211942 0.211942 0.576117
0.211957 0.212000 0.576043
0.211959 0.212008 0.576033
0.211942 0.211942 0.576117
0.212055 0.212369 0.575576
0.212125 0.212630 0.575246
0.211942 0.211943 0.576115
0.211994 0.212140 0.575866
0.211961 0.212015 0.576024
0.211963 0.212022 0.576016
0.215192 0.224331 0.560477
0.211951 0.211974 0.576075
0.211987 0.212110 0.575903
0.211942 0.211942 0.576117
0.212226 0.213011 0.574762
0.211942 0.211942 0.576117
0.211942 0.211942 0.576117
0.211986 0.212107 0.575907
0.211993 0.212133 0.575874
0.212203 0.212925 0.574872
0.211945 0.211953 0.576103
0.211957 0.211998 0.576046
0.212085 0.212480 0.575435
0.211942 0.211942 0.576117
0.211974 0.212064 0.575961
0.211965 0.212029 0.576006
0.211955 0.211992 0.576053
0.211942 0.211942 0.576117
0.211951 0.211977 0.576072
0.212010 0.576030 0.211960
0.212338 0.213435 0.574227
0.212026 0.212256 0.575718
0.211994 0.212132 0.575874
0.211984 0.212099 0.575917
0.572349 0.214923 0.212728
0.211969 0.212045 0.575986
0.211942 0.211942 0.576117
0.211964 0.212027 0.576009
0.211946 0.211943 0.576111
0.211944 0.211951 0.576105
0.212001 0.212165 0.575833
0.211950 0.211974 0.576076
0.211952 0.211982 0.576065
0.211942 0.211942 0.576117
0.211969 0.212044 0.575987
0.211982 0.212091 0.575927
0.211959 0.212006 0.576036
0.211967 0.212039 0.575994
0.211945 0.211952 0.576103
0.211942 0.211942 0.576117
0.211942 0.211942 0.576117
0.211950 0.211972 0.576078
0.211942 0.211942 0.576117
0.576109 0.211948 0.211943
0.211942 0.211942 0.576117
0.211942 0.211942 0.576117
0.211942 0.211942 0.576117
0.211942 0.211942 0.576117
0.211942 0.211942 0.576117
0.211942 0.211942 0.576117
0.211990 0.212121 0.575889
0.211950 0.211973 0.576077
0.211942 0.211942 0.576117
0.211978 0.212077 0.575946
0.212019 0.212234 0.575747
0.211981 0.212088 0.575932
0.212062 0.212381 0.575557
0.212030 0.212274 0.575696
0.212052 0.212358 0.575590
0.212304 0.213304 0.574392
0.211942 0.211942 0.576117
0.211966 0.212032 0.576002
0.211995 0.212141 0.575864
0.576047 0.211997 0.211956
0.211942 0.211942 0.576117
0.211947 0.211962 0.576090
0.211961 0.211971 0.576068
0.211954 0.211989 0.576057
0.212206 0.212935 0.574859
0.211952 0.211981 0.576066
0.211942 0.211942 0.576117
0.232516 0.366418 0.401066
0.212013 0.212207 0.575780
0.211944 0.211949 0.576107
0.218015 0.223139 0.558846
0.211942 0.211942 0.576117
0.211942 0.211942 0.576117
0.211951 0.211975 0.576074
0.211942 0.211943 0.576115
0.211950 0.211974 0.576076
0.211948 0.211965 0.576087
0.211990 0.212122 0.575888
0.211942 0.211942 0.576116
0.211963 0.212022 0.576015
0.211958 0.212004 0.576038
0.211961 0.212013 0.576026
0.211943 0.211942 0.576116
0.212011 0.212201 0.575788
0.211942 0.211942 0.576117
0.211942 0.211942 0.576117
0.211956 0.211997 0.576047
0.211945 0.211954 0.576101
0.211942 0.211943 0.576116
0.211954 0.211987 0.576060
0.212120 0.212609 0.575272
0.211945 0.211955 0.576100
0.212727 0.214918 0.572355
0.211942 0.211942 0.576117
0.211942 0.211942 0.576117
0.211942 0.211944 0.576114
0.212078 0.212452 0.575470
0.211942 0.211942 0.576117
0.211942 0.211942 0.576117
0.575769 0.212216 0.212015
0.212823 0.215258 0.571919
0.211945 0.211955 0.576100
0.211942 0.211942 0.576117
0.211942 0.211942 0.576117
0.211965 0.212029 0.576007
0.211960 0.212011 0.576029
0.211975 0.212068 0.575957
0.211943 0.211947 0.576110
0.211944 0.211950 0.576107
0.211960 0.212010 0.576030
0.211970 0.212050 0.575980
0.211978 0.212078 0.575944
0.211962 0.212017 0.576021
0.211947 0.211963 0.576090
0.211942 0.211942 0.576117
0.212118 0.212605 0.575276
0.211976 0.212072 0.575951
0.211974 0.212062 0.575964
0.211954 0.211990 0.576056
0.211976 0.212072 0.575952
0.211983 0.212098 0.575919
0.211985 0.212104 0.575911
0.211942 0.211942 0.576117
0.211942 0.211942 0.576116
0.211959 0.212005 0.576036
0.211942 0.211943 0.576115
0.212689 0.214768 0.572543
0.212027 0.212261 0.575712
0.211943 0.211947 0.576110
0.211958 0.212004 0.576037
0.211956 0.211997 0.576047
0.211958 0.212003 0.576040
0.211942 0.211943 0.576115
0.576117 0.211942 0.211942
0.211942 0.211942 0.576117
0.211942 0.211942 0.576117
0.211942 0.211942 0.576117
0.211942 0.211942 0.576117
0.212016 0.212221 0.575763
0.211971 0.212051 0.575979
0.212005 0.212178 0.575817
0.212209 0.212671 0.575120
0.211942 0.211942 0.576117
0.211942 0.211942 0.576117
0.211954 0.211989 0.576056
0.211957 0.211999 0.576044
0.211977 0.212075 0.575948
0.211968 0.212039 0.575993
0.211942 0.211942 0.576117
0.211943 0.211947 0.576110
0.211944 0.211953 0.576103
0.212053 0.212359 0.575588
0.212037 0.212300 0.575663
0.211953 0.211985 0.576062
0.211965 0.212029 0.576006
0.211942 0.211942 0.576117
0.211966 0.212011 0.576023
0.211943 0.211948 0.576109
0.211942 0.211942 0.576117
0.211971 0.212051 0.575978
0.212045 0.212329 0.575626
0.211951 0.211977 0.576073
0.212200 0.575789 0.212011
0.211946 0.211955 0.576100
0.211942 0.211942 0.576117
0.211946 0.211957 0.576098
0.211952 0.211982 0.576066
0.211967 0.212037 0.575996
0.211957 0.212000 0.576043
0.212420 0.212069 0.575511
0.211944 0.211950 0.576106
0.212020 0.212230 0.575750
0.211953 0.211984 0.576063
0.211942 0.211942 0.576116
0.211964 0.212026 0.576010
0.211947 0.211960 0.576093
0.212527 0.212098 0.575376
0.211965 0.212029 0.576006
0.211944 0.211951 0.576104
0.211942 0.211942 0.576117
0.211942 0.211942 0.576117
0.211985 0.212103 0.575913
0.212058 0.212377 0.575566
0.211945 0.211954 0.576101
0.212004 0.212176 0.575819
0.212109 0.212571 0.575319
0.212346 0.213466 0.574187
0.219979 0.244652 0.535370
0.212155 0.212739 0.575106
0.211942 0.211943 0.576116
0.211954 0.211987 0.576059
0.214535 0.221842 0.563623
0.211963 0.212021 0.576015
0.212002 0.212167 0.575832
0.212055 0.212366 0.575579
0.212127 0.212637 0.575236
0.212044 0.212327 0.575629
0.211942 0.211942 0.576117
0.211952 0.211981 0.576067
0.211942 0.211942 0.576117
0.211942 0.211942 0.576117
0.212052 0.211978 0.575970
0.212378 0.213589 0.574033
0.211942 0.211942 0.576117
0.211943 0.211946 0.576111
0.211942 0.211942 0.576117
0.211942 0.211942 0.576117
0.211942 0.211944 0.576114
0.211942 0.211942 0.576117
0.211991 0.212128 0.575880
0.211950 0.211973 0.576077
0.211942 0.211942 0.576117
0.211954 0.211986 0.576060
0.211942 0.211942 0.576117
0.211982 0.212092 0.575926
0.211946 0.211959 0.576095
0.212004 0.212177 0.575819
0.211942 0.211942 0.576117
0.211942 0.211943 0.576115
0.212068 0.212413 0.575519
0.211942 0.211943 0.576115
0.211944 0.211950 0.576106
0.211965 0.212029 0.576006
0.211942 0.211942 0.576117
0.211942 0.211942 0.576117
0.211942 0.211942 0.576116
0.211962 0.212017 0.576021
0.211950 0.211973 0.576077
0.211942 0.211942 0.576117
0.211951 0.211944 0.576104
0.223266 0.264557 0.512177
0.211942 0.211942 0.576117
0.562763 0.222575 0.214661
0.215889 0.227665 0.556445
0.211948 0.211967 0.576085
0.211942 0.211945 0.576112
0.211988 0.212116 0.575896
0.212121 0.212614 0.575265
0.211960 0.211967 0.576074
0.211942 0.211942 0.576117
0.213877 0.219271 0.566853
0.211942 0.211942 0.576116
0.211953 0.211984 0.576063
0.212010 0.212199 0.575790
0.575701 0.212073 0.212226
0.211979 0.212083 0.575938
0.211944 0.211950 0.576106
0.211942 0.211942 0.576117
0.211942 0.211942 0.576117
0.211952 0.211981 0.576067
0.211971 0.212053 0.575976
0.223471 0.214880 0.561649
0.211942 0.211942 0.576117
0.212039 0.212306 0.575656
0.211986 0.212108 0.575906
0.211943 0.211947 0.576110
0.576029 0.212011 0.211960
0.212687 0.214766 0.572547
0.212319 0.213179 0.574502
0.211986 0.212108 0.575906
0.212467 0.213925 0.573607
0.211942 0.211942 0.576117
0.211942 0.211942 0.576117
0.212032 0.212282 0.575686
0.212003 0.212173 0.575824
0.211943 0.211946 0.576111
0.212094 0.212513 0.575394
0.211942 0.211942 0.576117
0.211945 0.211953 0.576102
0.211949 0.211968 0.576083
0.211942 0.211944 0.576114
0.211979 0.212082 0.575939
0.211947 0.211961 0.576092
0.211952 0.211982 0.576066
0.211942 0.211942 0.576117
0.211942 0.211942 0.576117
0.212088 0.212489 0.575423
0.211969 0.212044 0.575988
0.211951 0.211978 0.576071
0.211946 0.211957 0.576097
0.211942 0.211942 0.576117
0.212025 0.212255 0.575720
0.211942 0.211942 0.576117
0.211942 0.211942 0.576117
0.211942 0.211942 0.576116
0.211942 0.211943 0.576115
0.211959 0.212008 0.576033
0.212014 0.212212 0.575774
0.211943 0.211947 0.576110
0.211942 0.211942 0.576117
0.212010 0.212197 0.575793
0.576117 0.211942 0.211942
0.211942 0.211942 0.576117
0.211980 0.212085 0.575936
0.211950 0.211971 0.576079
0.212445 0.213842 0.573712
0.212021 0.211963 0.576016
0.211948 0.211966 0.576085
0.211942 0.211944 0.576114
0.211971 0.212053 0.575976
0.211954 0.211979 0.576068
0.211942 0.211942 0.576117
0.211970 0.212047 0.575983
0.211949 0.211965 0.576085
0.211942 0.211942 0.576117
0.211960 0.212012 0.576027
0.212234 0.213029 0.574737
0.211950 0.211971 0.576079
0.211998 0.212127 0.575875
0.211942 0.211943 0.576115
0.212025 0.212254 0.575722
0.211951 0.211976 0.576074
0.211942 0.211942 0.576117
0.211942 0.211942 0.576117
0.211942 0.211942 0.576117
0.212859 0.574956 0.212186
0.211942 0.211943 0.576115
0.211942 0.211942 0.576117
0.212047 0.212335 0.575618
0.214174 0.573294 0.212532
0.575354 0.212544 0.212102
0.211942 0.211942 0.576117
0.211942 0.211942 0.576117
0.211977 0.212076 0.575947
0.211942 0.211942 0.576117
0.212001 0.212166 0.575833
0.211965 0.212029 0.576006
0.211944 0.211949 0.576108
0.211942 0.211945 0.576113
0.211972 0.212057 0.575971
0.211948 0.211966 0.576086
0.211942 0.211942 0.576117
0.212108 0.212566 0.575326
0.221311 0.224025 0.554664
0.238378 0.379626 0.381996
0.211948 0.211966 0.576086
0.211942 0.211942 0.576117
0.211943 0.211947 0.576109
0.211942 0.211942 0.576117
0.211946 0.211959 0.576095
0.211960 0.212011 0.576029
0.576109 0.211948 0.211943
0.211966 0.212033 0.576001
0.212164 0.212778 0.575058
0.212010 0.212198 0.575792
0.211944 0.211951 0.576105
0.211942 0.211942 0.576117
0.212000 0.212160 0.575840
0.211995 0.212127 0.575878
0.212756 0.214766 0.572477
0.211966 0.212035 0.575999
0.211942 0.211942 0.576117
0.211945 0.211953 0.576103
0.460392 0.229696 0.309911
0.211952 0.211980 0.576068
0.211943 0.211948 0.576109
0.211944 0.211950 0.576107
0.215839 0.227119 0.557042
0.211942 0.211942 0.576117
0.211942 0.211942 0.576117
0.212038 0.575674 0.212287
0.211942 0.211942 0.576117
0.211942 0.211944 0.576113
0.212814 0.215096 0.572091
0.211942 0.211945 0.576112
0.211942 0.211943 0.576115
0.211942 0.211942 0.576117
0.211959 0.212006 0.576035
0.211942 0.211943 0.576115
0.211942 0.211942 0.576117
0.212009 0.212193 0.575798
0.211942 0.211944 0.576113
0.211942 0.211942 0.576117
0.211942 0.211942 0.576117
0.212059 0.212241 0.575700
0.211942 0.211942 0.576117
0.212007 0.212186 0.575807
0.211942 0.211942 0.576117
0.211946 0.211960 0.576093
0.211942 0.211942 0.576117
0.211942 0.211942 0.576117
0.211945 0.211954 0.576101
0.212546 0.214225 0.573229
0.211951 0.211977 0.576072
0.211942 0.211942 0.576117
0.211974 0.212062 0.575964
0.211943 0.211946 0.576111
0.213141 0.214577 0.572281
0.212001 0.212144 0.575855
0.211944 0.211953 0.576103
0.211942 0.211942 0.576117
0.211975 0.212067 0.575957
0.211959 0.212007 0.576034
0.211962 0.212017 0.576022
0.211944 0.211952 0.576104
0.211949 0.211968 0.576083
0.211944 0.211951 0.576104
0.211942 0.211942 0.576117
0.211942 0.211942 0.576117
0.211942 0.211942 0.576117
0.211943 0.211948 0.576109
0.211944 0.211950 0.576106
0.211942 0.211942 0.576117
0.211963 0.212023 0.576013
0.212389 0.213629 0.573982
0.215517 0.215895 0.568588
0.211942 0.211942 0.576117
0.212010 0.212198 0.575792
0.211943 0.211948 0.576108
0.211957 0.211998 0.576045
0.211978 0.212080 0.575942
0.212025 0.212253 0.575722
0.211953 0.211983 0.576064
0.211953 0.211986 0.576061
0.211972 0.212054 0.575975
0.211943 0.211948 0.576109
0.212060 0.212387 0.575553
0.211990 0.212123 0.575887
0.211946 0.211958 0.576096
0.211942 0.211942 0.576116
0.211942 0.211943 0.576115
0.211964 0.212027 0.576008
0.211942 0.211942 0.576117
0.212129 0.212646 0.575224
0.211942 0.211942 0.576117
0.211970 0.212047 0.575983
0.211963 0.212023 0.576014
0.211950 0.211974 0.576076
0.211942 0.211942 0.576117
0.211942 0.211942 0.576117
0.211942 0.211942 0.576117
0.211948 0.211967 0.576084
0.211956 0.211996 0.576047
0.211942 0.211944 0.576114
0.211946 0.211957 0.576098
0.211946 0.211958 0.576096
0.211959 0.212006 0.576035
0.211963 0.212020 0.576017
0.212011 0.212201 0.575788
0.211942 0.211942 0.576117
0.211947 0.211961 0.576093
0.212008 0.212190 0.575802
0.211942 0.211942 0.576117
0.211950 0.211972 0.576079
0.211958 0.212001 0.576041
0.211942 0.211942 0.576117
0.211965 0.212030 0.576005
0.211955 0.211993 0.576051
0.212303 0.212038 0.575659
0.211942 0.211942 0.576117
0.211942 0.211943 0.576115
0.211942 0.211942 0.576117
0.211949 0.211971 0.576080
0.211968 0.212039 0.575993
0.211979 0.212083 0.575937
0.211954 0.211988 0.576058
0.211942 0.211942 0.576117
0.211942 0.211942 0.576116
0.211946 0.211957 0.576098
0.211996 0.212147 0.575857
0.211942 0.211942 0.576116
0.211943 0.211945 0.576112
0.211947 0.211960 0.576093
0.211944 0.211950 0.576106
0.211983 0.212095 0.575922
0.211942 0.211942 0.576117
0.211942 0.211942 0.576116
0.211942 0.211942 0.576117
0.211942 0.211942 0.576117
0.211995 0.212144 0.575861
0.211958 0.212002 0.576040
0.211942 0.211942 0.576117
0.211966 0.212033 0.576001
0.211948 0.211967 0.576085
0.212085 0.212479 0.575437
0.211942 0.211942 0.576117
0.211942 0.211942 0.576117
0.211955 0.211992 0.576053
0.211946 0.211959 0.576095
0.211950 0.211974 0.576076
0.211959 0.212006 0.576035
0.211942 0.211942 0.576117
0.211942 0.211942 0.576117
0.211942 0.211943 0.576115
0.211964 0.212025 0.576011
0.211962 0.212019 0.576019
0.211942 0.211942 0.576117
0.211970 0.212048 0.575982
0.211944 0.211952 0.576104
0.211942 0.211942 0.576117
0.211962 0.212017 0.576022
0.211942 0.211942 0.576117
0.212481 0.212251 0.575268
0.211947 0.576100 0.211952
0.211952 0.211980 0.576068
0.211945 0.211954 0.576101
0.211988 0.212117 0.575894
0.211943 0.211946 0.576112
0.212042 0.212317 0.575642
0.212358 0.213407 0.574235
0.211942 0.211944 0.576113
0.212005 0.212179 0.575817
0.211971 0.212052 0.575977
0.211942 0.211942 0.576117
0.211942 0.211942 0.576117
0.211944 0.211949 0.576107
0.211942 0.211942 0.576117
0.211981 0.212089 0.575930
0.211963 0.212020 0.576017
0.211942 0.211942 0.576117
0.212012 0.212204 0.575784
0.211942 0.211942 0.576117
0.211946 0.211958 0.576096
0.251291 0.226303 0.522406
0.211943 0.211946 0.576112
0.212095 0.212517 0.575389
0.212073 0.211977 0.575951
0.211942 0.211942 0.576117
0.211944 0.211949 0.576107
0.211942 0.211942 0.576117
0.212740 0.214970 0.572290
0.211960 0.212011 0.576029
0.211974 0.212064 0.575962
0.212346 0.213458 0.574196
0.211981 0.212091 0.575928
0.212016 0.212220 0.575764
0.212174 0.212814 0.575012
0.212005 0.212178 0.575817
0.211942 0.211942 0.576117
0.212002 0.212169 0.575829
0.211942 0.211942 0.576117
0.211942 0.211942 0.576117
0.211943 0.211947 0.576110
0.211942 0.211942 0.576116
0.211942 0.211942 0.576117
0.211942 0.211944 0.576114
0.211976 0.212069 0.575955
0.211942 0.211943 0.576116
0.211947 0.211963 0.576090
0.211990 0.212124 0.575886
0.211948 0.211967 0.576084
0.211955 0.211992 0.576054
0.211975 0.212060 0.575965
0.211942 0.211942 0.576117
0.212033 0.212283 0.575684
0.230193 0.320775 0.449032
0.212614 0.214483 0.572904
0.211942 0.211942 0.576117
0.211973 0.212061 0.575966
0.211957 0.211999 0.576044
0.211942 0.211943 0.576115
0.211989 0.212119 0.575892
0.211963 0.212021 0.576016
0.211945 0.211953 0.576103
0.211942 0.211942 0.576117
0.211977 0.212076 0.575947
0.212011 0.212202 0.575787
0.211957 0.211998 0.576045
0.211960 0.212012 0.576027
0.211965 0.212028 0.576007
0.212087 0.212486 0.575427
0.212125 0.212458 0.575418
0.231400 0.430492 0.338108
0.211972 0.212054 0.575975
0.211942 0.211942 0.576117
0.212213 0.212963 0.574823
0.211942 0.211942 0.576117
0.211945 0.211953 0.576102
0.211974 0.212063 0.575963
0.211953 0.211984 0.576063
0.211942 0.211942 0.576117
0.211942 0.211942 0.576117
0.211942 0.211942 0.576117
0.237318 0.364361 0.398321
0.211958 0.212005 0.576037
0.211964 0.212024 0.576012
0.211964 0.212025 0.576012
0.212100 0.212538 0.575361
0.212036 0.212293 0.575671
0.211951 0.211978 0.576071
0.211959 0.212006 0.576035
0.211943 0.211948 0.576109
0.213257 0.216960 0.569783
0.212141 0.212680 0.575179
0.211999 0.212156 0.575846
0.211945 0.211956 0.576099
0.211943 0.211948 0.576109
0.213572 0.218203 0.568226
0.211975 0.212067 0.575958
0.211944 0.211952 0.576103
0.211942 0.211942 0.576117
0.211972 0.212057 0.575971
0.211958 0.212004 0.576038
0.212862 0.213939 0.573199
0.211942 0.211942 0.576117
0.211956 0.211995 0.576049
0.211990 0.212121 0.575889
0.212208 0.212945 0.574846
0.211985 0.212104 0.575911
0.211942 0.211943 0.576115
0.211945 0.211954 0.576102
0.304851 0.465290 0.229860
0.211942 0.211945 0.576113
0.211952 0.211979 0.576069
0.211942 0.211942 0.576117
0.211942 0.211942 0.576117
0.211942 0.211942 0.576117
0.211946 0.576111 0.211943
0.211993 0.212136 0.575871
0.211952 0.211981 0.576067
0.211944 0.211952 0.576104
0.211946 0.211957 0.576097
0.211986 0.212110 0.575904
0.211942 0.211942 0.576117
0.211942 0.211942 0.576117
0.211942 0.211943 0.576115
0.211943 0.211949 0.576108
0.211942 0.211942 0.576117
0.211942 0.211942 0.576117
0.225548 0.495205 0.279246
0.211958 0.212003 0.576038
0.211952 0.576103 0.211944
0.216323 0.229082 0.554595
0.212314 0.213343 0.574343
0.212031 0.212277 0.575692
0.211980 0.212085 0.575935
0.211942 0.211942 0.576117
0.211942 0.211942 0.576116
0.211944 0.211952 0.576104
0.211952 0.211982 0.576066
0.211942 0.211942 0.576117
0.211942 0.211942 0.576117
0.211942 0.211942 0.576117
0.211977 0.212061 0.575963
0.211942 0.211942 0.576117
0.211969 0.212043 0.575988
0.211944 0.211950 0.576107
0.211960 0.212009 0.576031
0.211977 0.212073 0.575951
0.211985 0.212105 0.575910
0.211968 0.212041 0.575990
0.211942 0.211943 0.576115
0.211951 0.211974 0.576075
0.211954 0.211987 0.576059
0.211943 0.211947 0.576110
0.211949 0.211968 0.576084
0.211942 0.211942 0.576117
0.211945 0.211953 0.576103
0.211942 0.211942 0.576117
0.211956 0.211996 0.576047
0.211942 0.211942 0.576117
0.211942 0.211943 0.576116
0.211947 0.211963 0.576089
0.211950 0.211974 0.576076
0.212146 0.212548 0.575306
0.211999 0.212156 0.575845
0.211978 0.212078 0.575944
0.211942 0.211942 0.576116
0.211942 0.211942 0.576117
0.211942 0.211942 0.576117
0.211942 0.211942 0.576117
0.211953 0.211986 0.576061
0.211965 0.212029 0.576006
0.211950 0.211972 0.576079
0.211942 0.211942 0.576116
0.211948 0.211967 0.576085
0.211942 0.211942 0.576117
0.211942 0.211942 0.576117
0.211946 0.211959 0.576094
0.211983 0.212086 0.575932
0.211942 0.211942 0.576117
0.211969 0.212044 0.575987
0.211950 0.211972 0.576079
0.211983 0.212098 0.575919
0.212005 0.212178 0.575817
0.211942 0.211942 0.576117
0.211955 0.211992 0.576053
0.211942 0.211942 0.576117
0.212328 0.212045 0.575628
0.211982 0.211952 0.576066
0.211948 0.211967 0.576085
0.211970 0.212049 0.575980
0.211943 0.211945 0.576112
0.211958 0.212004 0.576038
0.211942 0.211942 0.576117
0.211942 0.211942 0.576117
0.212325 0.213387 0.574287
0.211942 0.211944 0.576114
0.212035 0.212293 0.575671
0.211999 0.211957 0.576044
0.211942 0.211942 0.576117
0.211942 0.211945 0.576113
0.211948 0.211968 0.576084
0.212730 0.572346 0.214924
0.211944 0.211950 0.576107
0.211971 0.212052 0.575977
0.211950 0.211972 0.576078
0.212004 0.212175 0.575821
0.211982 0.212094 0.575923
0.211945 0.211953 0.576103
0.212879 0.215320 0.571801
0.213777 0.573785 0.212438
0.211943 0.211945 0.576112
0.211944 0.211951 0.576104
0.212682 0.214745 0.572573
0.211942 0.211942 0.576117
0.211942 0.211942 0.576117
0.211951 0.211976 0.576073
0.211992 0.212129 0.575879
0.211942 0.211944 0.576114
0.211976 0.212071 0.575953
0.212007 0.212187 0.575806
0.211942 0.211942 0.576117
0.211955 0.211990 0.576055
0.212163 0.212770 0.575067
0.212024 0.212252 0.575724
0.211967 0.212012 0.576020
0.211967 0.212039 0.575994
0.211967 0.212036 0.575997
0.212331 0.212209 0.575459
0.211943 0.211948 0.576109
0.212002 0.212157 0.575841
0.211953 0.211984 0.576062
0.212158 0.212754 0.575088
0.211987 0.212113 0.575900
0.212003 0.212171 0.575826
0.211948 0.211964 0.576088
0.211942 0.211942 0.576117
0.211950 0.211972 0.576079
0.211944 0.211950 0.576107
0.211968 0.212040 0.575993
0.211949 0.211969 0.576082
0.277184 0.497567 0.225249
0.211942 0.211942 0.576117
0.211943 0.211942 0.576115
0.211972 0.212056 0.575972
0.212066 0.212406 0.575529
0.211942 0.211944 0.576114
0.211942 0.211942 0.576117
0.211957 0.212001 0.576042
0.212023 0.212246 0.575731
0.211948 0.211965 0.576087
0.211944 0.211949 0.576107
0.211942 0.211942 0.576116
0.576062 0.211985 0.211953
0.211950 0.211975 0.576075
0.211970 0.212049 0.575981
0.211947 0.211963 0.576090
0.211965 0.212029 0.576006
0.211942 0.211945 0.576113
0.211942 0.211944 0.576114
0.212084 0.212477 0.575439
0.212073 0.212434 0.575493
0.212395 0.573995 0.213610
0.211969 0.212044 0.575987
0.211942 0.211942 0.576117
0.211952 0.211957 0.576091
0.212085 0.212478 0.575437
0.211965 0.212028 0.576008
0.211942 0.211942 0.576117
0.527766 0.251333 0.220901
0.212815 0.215255 0.571930
0.211943 0.211942 0.576115
0.212005 0.212181 0.575814
0.211942 0.211942 0.576117
0.211942 0.211942 0.576117
0.211942 0.211942 0.576117
0.211963 0.212023 0.576014
0.211942 0.211944 0.576113
0.211942 0.211942 0.576117
0.212127 0.212638 0.575235
0.211998 0.212152 0.575850
0.211942 0.211942 0.576117
0.212413 0.575518 0.212069
0.212863 0.215432 0.571705
0.212100 0.212536 0.575364
0.211942 0.211942 0.576117
0.211961 0.212016 0.576023
0.212028 0.212261 0.575711
0.212953 0.215751 0.571297
0.211955 0.211990 0.576055
0.211992 0.212130 0.575879
0.211955 0.211993 0.576052
0.226403 0.285419 0.488178
0.211956 0.211994 0.576050
0.212034 0.212287 0.575679
0.211956 0.211995 0.576049
0.211942 0.211942 0.576117
0.211963 0.212023 0.576014
0.211984 0.212094 0.575921
0.212937 0.215527 0.571536
0.218747 0.239985 0.541268
0.211966 0.212033 0.576001
0.211963 0.212021 0.576017
0.211942 0.211944 0.576113
0.315757 0.229766 0.454477
0.211949 0.211968 0.576083
0.211973 0.212058 0.575969
0.212048 0.212339 0.575613
0.211959 0.212005 0.576036
0.211944 0.211949 0.576108
0.211942 0.211942 0.576117
0.212014 0.212214 0.575772
0.225329 0.496943 0.277728
0.217589 0.235175 0.547236
0.211971 0.212052 0.575977
0.211942 0.211942 0.576116
0.211993 0.212133 0.575875
0.211949 0.211971 0.576080
0.213618 0.218388 0.567994
0.211954 0.211945 0.576101
0.212067 0.212412 0.575522
0.211979 0.212084 0.575937
0.211942 0.211943 0.576115
0.211944 0.211951 0.576104
0.211974 0.212062 0.575964
0.211942 0.211942 0.576117
0.211950 0.211974 0.576076
0.211963 0.212020 0.576017
0.211942 0.211942 0.576117
0.211942 0.211942 0.576117
0.211961 0.212015 0.576024
0.212046 0.212335 0.575618
0.211942 0.211942 0.576117
0.211942 0.211942 0.576117
0.211942 0.211942 0.576117
0.211947 0.211961 0.576092
0.211954 0.211987 0.576059
0.211944 0.211950 0.576106
0.211963 0.212024 0.576013
0.211973 0.212058 0.575970
0.221716 0.255704 0.522579
0.211969 0.212043 0.575989
0.211952 0.211980 0.576068
0.211955 0.211991 0.576055
0.211963 0.212023 0.576014
0.211993 0.212134 0.575874
0.211965 0.212028 0.576008
0.211942 0.211942 0.576117
0.211979 0.212081 0.575940
0.211942 0.211942 0.576117
0.211958 0.212003 0.576039
0.212014 0.212212 0.575775
0.211953 0.211983 0.576064
0.211942 0.211942 0.576117
0.211957 0.211998 0.576046
0.211942 0.211943 0.576116
0.215448 0.225739 0.558814
0.211948 0.211943 0.576109
0.211955 0.211994 0.576051
0.212047 0.212338 0.575615
0.211942 0.211942 0.576117
0.211946 0.211960 0.576094
0.249741 0.529663 0.220596
0.211942 0.211942 0.576116
0.211942 0.211942 0.576117
0.211942 0.211942 0.576116
0.211942 0.211942 0.576116
0.211943 0.211947 0.576111
0.212266 0.213162 0.574572
0.211953 0.211983 0.576065
0.211942 0.211942 0.576117
0.211942 0.211943 0.576115
0.211942 0.211942 0.576117
0.211942 0.211942 0.576117
0.211942 0.211942 0.576117
0.211944 0.211951 0.576105
0.211942 0.211944 0.576113
0.212559 0.214275 0.573166
0.211944 0.211951 0.576104
0.213591 0.218281 0.568127
0.211980 0.212086 0.575934
0.211954 0.211987 0.576059
0.211942 0.211942 0.576117
0.211942 0.211942 0.576117
0.211942 0.211942 0.576117
0.212205 0.212932 0.574863
0.212339 0.213433 0.574229
0.211942 0.211942 0.576117
0.211942 0.211942 0.576117
0.211942 0.211942 0.576117
0.211942 0.211942 0.576117
0.211947 0.211962 0.576091
0.213922 0.219590 0.566489
0.212557 0.214201 0.573242
0.211993 0.212136 0.575871
0.212236 0.213048 0.574717
0.211950 0.211944 0.576106
0.212020 0.212235 0.575746
0.211951 0.576074 0.211975
0.211952 0.211979 0.576070
0.211948 0.211966 0.576085
0.211942 0.211942 0.576117
0.211942 0.211942 0.576117
0.211983 0.212097 0.575920
0.217808 0.546017 0.236175
0.212325 0.213386 0.574289
0.212025 0.212255 0.575720
0.211942 0.211942 0.576117
0.211953 0.211985 0.576062
0.227759 0.296186 0.476055
0.211960 0.212012 0.576028
0.211951 0.211976 0.576073
0.211968 0.212040 0.575992
0.211946 0.211957 0.576098
0.211947 0.211962 0.576090
0.211946 0.211959 0.576095
0.211956 0.211994 0.576050
0.212749 0.212708 0.574542
0.211946 0.211957 0.576097
0.211942 0.211942 0.576117
0.211974 0.212064 0.575962
0.211956 0.211996 0.576047
0.211943 0.211947 0.576110
0.211951 0.211977 0.576072
0.211948 0.211965 0.576087
0.211964 0.212026 0.576009
0.211943 0.211946 0.576111
0.211964 0.212025 0.576011
0.212300 0.213287 0.574414
0.211948 0.211966 0.576086
0.211993 0.212136 0.575871
0.211953 0.211986 0.576061
0.212083 0.212474 0.575442
0.212055 0.212368 0.575577
0.211971 0.212051 0.575978
0.211943 0.211946 0.576111
0.211943 0.211947 0.576110
0.211954 0.211987 0.576060
0.211942 0.211942 0.576117
0.576114 0.211944 0.211942
0.211942 0.211942 0.576117
0.211942 0.211942 0.576117
0.211942 0.211942 0.576117
0.211970 0.212048 0.575983
0.212100 0.212537 0.575363
0.211942 0.211942 0.576117
0.211961 0.212016 0.576022
0.211942 0.211942 0.576117
0.214269 0.220980 0.564750
0.211943 0.576110 0.211947
0.212139 0.212683 0.575178
0.211962 0.212019 0.576019
0.211942 0.211942 0.576117
0.212023 0.212246 0.575732
0.211980 0.212086 0.575934
0.211947 0.211963 0.576089
0.211942 0.211942 0.576117
0.211942 0.211942 0.576117
0.211950 0.211974 0.576076
0.211942 0.211942 0.576117
0.231466 0.339037 0.429498
0.211942 0.211942 0.576117
0.211942 0.211942 0.576117
0.211965 0.212028 0.576007
0.576010 0.211964 0.212026
0.211943 0.211948 0.576108
0.211959 0.212006 0.576035
0.211969 0.212043 0.575989
0.211998 0.212154 0.575847
0.211942 0.211944 0.576114
0.211942 0.211942 0.576117
0.211942 0.211942 0.576117
0.211964 0.212025 0.576011
0.211994 0.212140 0.575866
0.211942 0.211942 0.576117
0.211942 0.211942 0.576116
0.211942 0.211942 0.576117
0.211942 0.211942 0.576116
0.211942 0.211942 0.576117
0.227029 0.493062 0.279910
0.211942 0.211945 0.576113
0.211942 0.211942 0.576117
0.211957 0.211999 0.576045
0.212116 0.212595 0.575289
0.221061 0.251930 0.527009
0.211942 0.211942 0.576117
0.211946 0.211956 0.576098
0.211942 0.211942 0.576117
0.211942 0.211943 0.576115
0.211957 0.212001 0.576041
0.211959 0.212006 0.576035
0.211956 0.211997 0.576046
0.211942 0.211942 0.576117
0.211979 0.212081 0.575940
0.212090 0.212500 0.575410
0.211942 0.211942 0.576117
0.211942 0.211942 0.576117
0.211948 0.211966 0.576086
0.211942 0.211942 0.576117
0.211942 0.211942 0.576117
0.211943 0.211948 0.576109
0.211947 0.211962 0.576090
0.211964 0.212027 0.576009
0.211953 0.211973 0.576074
0.211942 0.211942 0.576117
0.576033 0.212008 0.211959
0.211976 0.212069 0.575956
0.211953 0.211945 0.576103
0.211946 0.211957 0.576097
0.211967 0.212038 0.575994
0.212100 0.212536 0.575364
0.211995 0.212141 0.575864
0.211942 0.211942 0.576117
0.212040 0.212311 0.575649
0.212009 0.212046 0.575945
0.212196 0.212897 0.574908
0.211946 0.211959 0.576094
0.211995 0.212139 0.575866
0.212533 0.214175 0.573293
0.212178 0.212829 0.574993
0.211942 0.211944 0.576113
0.211942 0.211942 0.576117
0.214235 0.220842 0.564923
0.212001 0.212163 0.575836
0.211947 0.211961 0.576092
0.212027 0.212260 0.575713
0.211990 0.212122 0.575889
0.211949 0.211970 0.576081
0.211968 0.212040 0.575992
0.211977 0.212073 0.575951
0.211945 0.211954 0.576101
0.212323 0.212211 0.575466
0.211942 0.211942 0.576117
0.211946 0.211957 0.576098
0.211942 0.211943 0.576114
0.211952 0.576103 0.211945
0.211942 0.211942 0.576117
0.211957 0.212001 0.576042
0.211944 0.211951 0.576105
0.211948 0.211967 0.576084
0.576067 0.211981 0.211952
0.211943 0.211946 0.576112
0.211942 0.211942 0.576117
0.211942 0.211942 0.576117
0.211942 0.211942 0.576117
0.211942 0.211942 0.576117
0.211957 0.212000 0.576043
0.211943 0.211948 0.576109
0.211944 0.576113 0.211942
0.211942 0.211943 0.576115
0.211949 0.211971 0.576080
0.211946 0.211955 0.576099
0.211942 0.211942 0.576117
0.211942 0.211942 0.576117
0.211942 0.211942 0.576117
0.211942 0.211942 0.576117
0.211942 0.211942 0.576117
0.211942 0.211942 0.576117
0.211978 0.212078 0.575944
0.211942 0.211942 0.576116
0.211946 0.211958 0.576096
0.211949 0.576089 0.211962
0.211942 0.211942 0.576117
0.211942 0.211942 0.576117
0.211953 0.211985 0.576061
0.211942 0.211942 0.576117
0.211965 0.212031 0.576004
0.211942 0.211942 0.576117
0.211947 0.211964 0.576089
0.211946 0.211960 0.576094
0.211942 0.211944 0.576113
0.211942 0.211942 0.576116
0.211942 0.211943 0.576115
0.211942 0.211942 0.576117
0.211948 0.211967 0.576084
0.211943 0.211948 0.576109
0.211958 0.212002 0.576040
0.213213 0.573154 0.213633
0.211967 0.212038 0.575994
0.211942 0.211942 0.576117
0.211942 0.211942 0.576117
0.211942 0.211942 0.576117
0.211947 0.211963 0.576090
0.211942 0.211942 0.576116
0.211974 0.212062 0.575965
0.211942 0.211942 0.576117
0.212683 0.574999 0.212318
0.211942 0.211942 0.576117
0.211945 0.211953 0.576102
0.212059 0.212381 0.575560
0.211943 0.211945 0.576112
0.211952 0.211944 0.576104
0.211950 0.211974 0.576075
0.211942 0.211942 0.576117
0.211949 0.211968 0.576083
0.212002 0.212166 0.575832
0.211980 0.212085 0.575935
0.211942 0.211942 0.576117
0.245168 0.220094 0.534738
0.212283 0.213228 0.574489
0.212618 0.214500 0.572882
0.211959 0.211950 0.576091
0.211943 0.211944 0.576113
0.212245 0.213077 0.574678
0.211942 0.211943 0.576115
0.212502 0.212961 0.574538
0.211957 0.211999 0.576044
0.211942 0.211942 0.576117
0.211942 0.211942 0.576117
0.211942 0.211942 0.576117
0.213187 0.216698 0.570114
0.212134 0.212663 0.575203
0.211944 0.211949 0.576107
0.211944 0.211952 0.576103
0.211942 0.211942 0.576116
0.211955 0.211993 0.576051
0.211942 0.211942 0.576117
0.211942 0.211945 0.576113
0.211950 0.211973 0.576077
0.212006 0.212181 0.575813
0.211972 0.212055 0.575974
0.211957 0.211999 0.576044
0.212094 0.212512 0.575394
0.211942 0.211942 0.576117
0.211942 0.211945 0.576112
0.211977 0.212073 0.575950
0.211942 0.211943 0.576114
0.213471 0.217807 0.568722
0.211942 0.211942 0.576117
0.211943 0.211947 0.576110
0.211942 0.211945 0.576113
0.211945 0.211954 0.576101
0.211958 0.212003 0.576039
0.211942 0.211943 0.576114
0.211942 0.211942 0.576117
0.211942 0.211942 0.576117
0.576093 0.211960 0.211947
0.223699 0.509536 0.266765
0.211955 0.211993 0.576052
0.211968 0.212042 0.575990
0.211986 0.212110 0.575904
0.211942 0.211942 0.576117
0.211958 0.212004 0.576038
0.211948 0.211967 0.576084
0.211975 0.212068 0.575956
0.211942 0.211943 0.576115
0.212106 0.212221 0.575673
0.575807 0.212186 0.212007
0.211986 0.212108 0.575907
0.211942 0.211942 0.576117
0.211942 0.211942 0.576116
0.211942 0.211942 0.576117
0.211942 0.211942 0.576117
0.211942 0.211942 0.576117
0.211942 0.211942 0.576117
0.212279 0.212780 0.574941
0.211942 0.211942 0.576116
0.212050 0.212347 0.575604
0.213926 0.219600 0.566474
0.215800 0.227314 0.556886
0.212017 0.212224 0.575759
0.223598 0.266536 0.509866
0.212203 0.212925 0.574872
0.211942 0.211942 0.576117
0.211942 0.211942 0.576117
0.211942 0.211942 0.576116
0.211944 0.211951 0.576105
0.212017 0.212223 0.575761
0.211945 0.211954 0.576101
0.212115 0.212594 0.575291
0.211951 0.211977 0.576072
0.228687 0.304252 0.467061
0.211958 0.212003 0.576039
0.211946 0.211958 0.576095
0.211954 0.211989 0.576056
0.211955 0.211991 0.576054
0.211943 0.211947 0.576110
0.211947 0.211961 0.576092
0.211942 0.211942 0.576117
0.211942 0.211942 0.576116
0.211957 0.212000 0.576043
0.211964 0.212024 0.576012
0.211958 0.212002 0.576041
0.211944 0.211952 0.576104
0.211952 0.211978 0.576070
0.211950 0.211972 0.576078
0.575524 0.212067 0.212409
0.211942 0.211942 0.576117
0.211942 0.211942 0.576117
0.211949 0.211968 0.576084
0.212335 0.574415 0.213250
0.211955 0.211945 0.576100
0.211942 0.211942 0.576116
0.211972 0.212056 0.575971
0.214004 0.219919 0.566077
0.211942 0.211943 0.576115
0.211997 0.212150 0.575852
0.212117 0.212595 0.575289
0.211967 0.212035 0.575998
0.212057 0.212353 0.575590
0.212565 0.214298 0.573137
0.223464 0.215801 0.560735
0.212032 0.212280 0.575688
0.212045 0.212328 0.575627
0.211957 0.211998 0.576045
0.212785 0.214850 0.572364
0.211954 0.211990 0.576056
0.211981 0.212088 0.575932
0.211966 0.212032 0.576002
0.211942 0.211942 0.576117
0.211958 0.212004 0.576038
0.211942 0.211942 0.576117
0.211942 0.211942 0.576117
0.231253 0.335096 0.433652
0.211942 0.211942 0.576117
0.212730 0.214901 0.572370
0.211979 0.212081 0.575941
0.211998 0.212154 0.575848
0.211942 0.211942 0.576117
0.211965 0.212027 0.576008
0.212180 0.212835 0.574985
0.211962 0.212018 0.576020
0.212383 0.213606 0.574011
0.211954 0.211990 0.576056
0.211953 0.211985 0.576062
0.211942 0.211942 0.576117
0.211978 0.212078 0.575944
0.211944 0.211951 0.576105
0.212289 0.213242 0.574469
0.211942 0.211942 0.576117
0.211942 0.211942 0.576117
0.211942 0.211942 0.576117
0.211944 0.211952 0.576103
0.211962 0.212019 0.576019
0.211942 0.211942 0.576117
0.211942 0.211942 0.576117
0.219935 0.539896 0.240169
0.212142 0.212691 0.575168
0.211975 0.212066 0.575960
0.211977 0.212075 0.575948
0.229529 0.554156 0.216315
0.212054 0.212362 0.575585
0.214911 0.223596 0.561493
0.211960 0.212009 0.576031
0.212089 0.212494 0.575417
0.211944 0.211951 0.576105
0.211982 0.212095 0.575923
0.215120 0.224364 0.560516
0.212129 0.212643 0.575228
0.212206 0.212299 0.575495
0.211945 0.211955 0.576100
0.211946 0.211957 0.576097
0.576117 0.211942 0.211942
0.211942 0.211942 0.576117
0.211944 0.211951 0.576105
0.211959 0.212008 0.576033
0.211949 0.211970 0.576081
0.212156 0.212747 0.575097
0.211977 0.212074 0.575950
0.212191 0.212880 0.574928
0.212023 0.212248 0.575729
0.211983 0.212088 0.575929
0.211942 0.211942 0.576117
0.212006 0.212172 0.575822
0.211942 0.211942 0.576117
0.212031 0.212277 0.575693
0.211970 0.212050 0.575980
0.212063 0.212398 0.575539
0.211942 0.211942 0.576117
0.211948 0.211964 0.576088
0.211942 0.211942 0.576117
0.211942 0.211942 0.576117
0.211942 0.211942 0.576117
0.212079 0.212458 0.575462
0.211952 0.211980 0.576068
0.211942 0.211945 0.576113
0.212828 0.215308 0.571864
0.211945 0.211955 0.576100
0.211987 0.212111 0.575903
0.211962 0.212020 0.576018
0.212070 0.212423 0.575508
0.211948 0.211966 0.576086
0.211943 0.211946 0.576111
0.211949 0.211970 0.576081
0.211942 0.211942 0.576117
0.212058 0.211981 0.575962
0.211959 0.212008 0.576033
0.212132 0.212655 0.575213
0.211942 0.211942 0.576116
0.211943 0.211947 0.576110
0.211952 0.211980 0.576068
0.211947 0.211964 0.576089
0.211945 0.211953 0.576102
0.211950 0.211972 0.576078
0.211948 0.211965 0.576087
0.212042 0.212316 0.575642
0.228109 0.298646 0.473245
0.211983 0.212097 0.575921
0.211970 0.212046 0.575984
0.211985 0.212105 0.575910
0.212256 0.212912 0.574832
0.212267 0.213165 0.574568
0.212032 0.212282 0.575686
0.212035 0.212293 0.575671
0.214006 0.219925 0.566068
0.211942 0.211942 0.576117
0.211942 0.211942 0.576117
0.212031 0.212269 0.575700
0.211943 0.211945 0.576113
0.211971 0.212051 0.575978
0.211969 0.212043 0.575988
0.213133 0.216476 0.570390
0.211942 0.211942 0.576117
0.211942 0.211942 0.576117
0.227543 0.478055 0.294402
0.213389 0.212571 0.574040
0.212216 0.212901 0.574883
0.211942 0.211942 0.576117
0.211962 0.212018 0.576020
0.212104 0.212550 0.575347
0.220600 0.246484 0.532917
0.211942 0.211942 0.576117
0.214548 0.222087 0.563365
0.211952 0.211980 0.576068
0.212043 0.212322 0.575635
0.211945 0.211954 0.576101
0.211960 0.212010 0.576031
0.211956 0.211994 0.576050
0.211942 0.211943 0.576115
0.211942 0.211942 0.576117
0.211942 0.211942 0.576117
0.212430 0.213777 0.573793
0.211956 0.211994 0.576050
0.211950 0.211974 0.576076
0.211942 0.211942 0.576117
0.211958 0.212004 0.576038
0.213018 0.574755 0.212228
0.211943 0.211946 0.576111
0.214644 0.562985 0.222371
0.213042 0.213973 0.572985
0.211968 0.212039 0.575994
0.211946 0.211960 0.576094
0.211954 0.211989 0.576056
0.211965 0.212029 0.576006
0.211948 0.211950 0.576101
0.211942 0.211942 0.576117
0.211967 0.212036 0.575997
0.211942 0.211943 0.576115
0.214781 0.223027 0.562192
0.211974 0.212064 0.575961
0.212022 0.212244 0.575734
0.211946 0.211957 0.576098
0.211948 0.211965 0.576087
0.211957 0.211999 0.576044
0.211942 0.211942 0.576117
0.211942 0.211942 0.576117
0.211942 0.211942 0.576117
0.211942 0.211945 0.576113
0.211942 0.211942 0.576117
0.213021 0.213520 0.573459
0.211942 0.211942 0.576117
0.211942 0.211942 0.576117
0.211942 0.211942 0.576117
0.211942 0.211942 0.576117
0.211942 0.211942 0.576117
0.212007 0.212148 0.575846
0.211956 0.211996 0.576048
0.211946 0.211959 0.576095
0.211942 0.211942 0.576117
0.211949 0.211969 0.576082
0.211942 0.211942 0.576117
0.211946 0.211953 0.576101
0.211980 0.212086 0.575933
0.211942 0.211943 0.576115
0.212001 0.212163 0.575837
0.211961 0.212014 0.576025
0.211949 0.211968 0.576083
0.211942 0.211942 0.576117
0.211944 0.211951 0.576105
0.211943 0.211948 0.576109
0.211945 0.211955 0.576100
0.211957 0.211999 0.576044
0.211942 0.211942 0.576117
0.212076 0.212447 0.575477
0.211942 0.211942 0.576117
0.212023 0.212248 0.575728
0.211945 0.211954 0.576102
0.211942 0.211942 0.576117
0.211990 0.212123 0.575887
0.211946 0.211959 0.576095
0.211942 0.211942 0.576117
0.211954 0.211988 0.576058
0.211977 0.212076 0.575947
0.211942 0.211942 0.576117
0.211945 0.211954 0.576101
0.211942 0.211944 0.576114
0.211946 0.211956 0.576098
0.212020 0.212236 0.575744
0.212080 0.212462 0.575458
0.211985 0.212103 0.575912
0.212536 0.214184 0.573280
0.211979 0.212083 0.575938
0.211986 0.212108 0.575907
0.212597 0.214421 0.572982
0.212050 0.212346 0.575604
0.211974 0.212064 0.575961
0.211974 0.212064 0.575962
0.212349 0.213418 0.574232
0.232240 0.411482 0.356278
0.212147 0.212715 0.575138
0.227495 0.293945 0.478560
0.212009 0.212195 0.575796
0.211952 0.211980 0.576068
0.212235 0.213047 0.574718
0.211950 0.211972 0.576079
0.211942 0.211942 0.576117
0.211942 0.211943 0.576115
0.211957 0.211998 0.576045
0.211972 0.212055 0.575973
0.211944 0.211952 0.576104
0.212026 0.212260 0.575714
0.211944 0.211951 0.576105
0.211978 0.212077 0.575945
0.212010 0.212199 0.575790
0.211951 0.211977 0.576072
0.211942 0.211942 0.576117
0.211999 0.212158 0.575843
0.211945 0.211955 0.576100
0.211942 0.211942 0.576117
0.211947 0.211961 0.576092
0.211960 0.212012 0.576028
0.211958 0.212004 0.576037
0.211956 0.211996 0.576047
0.213690 0.218668 0.567642
0.211942 0.211942 0.576116
0.213368 0.217285 0.569347
0.211943 0.211946 0.576111
0.212930 0.215674 0.571396
0.211962 0.212020 0.576018
0.212106 0.212544 0.575351
0.211962 0.212012 0.576025
0.211958 0.212003 0.576039
0.211950 0.211972 0.576078
0.211942 0.211942 0.576116
0.211942 0.211942 0.576117
0.211943 0.211946 0.576111
0.211963 0.212020 0.576017
0.211942 0.211944 0.576113
0.212014 0.212214 0.575771
0.211952 0.211979 0.576070
0.212069 0.212419 0.575512
0.211963 0.212023 0.576014
0.211959 0.212008 0.576033
0.211962 0.212019 0.576019
0.211980 0.212086 0.575934
0.211944 0.211949 0.576107
0.212121 0.212548 0.575331
0.212487 0.212099 0.575414
0.211976 0.212069 0.575955
0.211942 0.211942 0.576117
0.211942 0.211942 0.576117
0.211942 0.211945 0.576112
0.212957 0.215802 0.571241
0.211966 0.212034 0.576000
0.211986 0.212108 0.575906
0.212002 0.212162 0.575837
0.211956 0.211996 0.576048
0.211978 0.212078 0.575945
0.211988 0.212105 0.575907
0.211949 0.211970 0.576081
0.212059 0.212381 0.575560
0.211948 0.211967 0.576084
0.211967 0.212035 0.575998
0.212002 0.212168 0.575830
0.211981 0.212089 0.575930
0.211943 0.211949 0.576108
0.211944 0.211952 0.576104
0.211942 0.211942 0.576117
0.211947 0.211962 0.576092
0.211960 0.211965 0.576074
0.212061 0.212389 0.575551
0.211954 0.211990 0.576056
0.216369 0.229762 0.553869
0.212092 0.212473 0.575435
0.211971 0.212051 0.575978
0.219837 0.245880 0.534283
0.211942 0.211942 0.576117
0.212036 0.212293 0.575671
0.211985 0.212106 0.575909
0.212154 0.212742 0.575104
0.576114 0.211944 0.211942
0.212883 0.212329 0.574789
0.211942 0.211942 0.576117
0.211959 0.212006 0.576036
0.211979 0.212081 0.575940
0.211954 0.211988 0.576058
0.212041 0.212313 0.575647
0.211962 0.212020 0.576018
0.212000 0.212162 0.575838
0.213044 0.216141 0.570816
0.211942 0.211943 0.576115
0.211957 0.211999 0.576044
0.211945 0.211954 0.576101
0.212361 0.213521 0.574118
0.211948 0.211965 0.576087
0.291855 0.472576 0.235569
0.211942 0.211942 0.576117
0.211950 0.211975 0.576075
0.211942 0.211942 0.576117
0.211942 0.211943 0.576115
0.211944 0.211949 0.576107
0.211959 0.212006 0.576035
0.211952 0.211980 0.576068
0.212096 0.212522 0.575382
0.211942 0.211942 0.576117
0.211944 0.211949 0.576107
0.211942 0.211942 0.576117
0.211948 0.211965 0.576087
0.211946 0.211956 0.576098
0.211985 0.212105 0.575910
0.211967 0.212038 0.575994
0.211958 0.212001 0.576041
0.211954 0.211989 0.576057
0.211948 0.211964 0.576089
0.211942 0.211942 0.576117
0.211967 0.212037 0.575996
0.211954 0.211987 0.576059
0.211943 0.211946 0.576111
0.211942 0.211943 0.576115
0.211950 0.211975 0.576075
0.211977 0.212074 0.575949
0.211961 0.212014 0.576025
0.211951 0.211975 0.576074
0.211956 0.211994 0.576051
0.291493 0.388545 0.319963
0.211945 0.211955 0.576099
0.211946 0.211955 0.576099
0.213347 0.569381 0.217272
0.212538 0.214194 0.573268
0.211962 0.212020 0.576018
0.212005 0.212174 0.575821
0.576010 0.212026 0.211964
0.211946 0.211958 0.576096
0.211956 0.211996 0.576048
0.211942 0.211942 0.576117
0.211945 0.211955 0.576100
0.211968 0.212040 0.575992
0.551161 0.216918 0.231921
0.211942 0.211943 0.576115
0.211950 0.211972 0.576078
0.211971 0.212050 0.575979
0.211956 0.211997 0.576047
0.211960 0.212011 0.576029
0.211969 0.212044 0.575987
0.211942 0.576116 0.211942
0.212279 0.213212 0.574509
0.211942 0.211942 0.576117
0.211976 0.212071 0.575953
0.211978 0.212080 0.575942
0.232837 0.380621 0.386542
0.211946 0.211958 0.576096
0.211942 0.211942 0.576117
0.211942 0.211942 0.576117
0.213002 0.215944 0.571054
0.211942 0.211942 0.576117
0.212542 0.214212 0.573246
0.211942 0.211942 0.576117
0.211942 0.211944 0.576113
0.211942 0.576116 0.211942
0.575059 0.212777 0.212164
0.211961 0.212015 0.576023
0.212611 0.214363 0.573026
0.211945 0.211955 0.576100
0.212115 0.212574 0.575311
0.211942 0.211942 0.576117
0.211968 0.212040 0.575993
0.211942 0.211942 0.576117
0.211961 0.212013 0.576026
0.213938 0.219605 0.566457
0.218075 0.237404 0.544521
0.211943 0.211948 0.576109
0.211997 0.212151 0.575852
0.211946 0.211958 0.576096
0.211942 0.211942 0.576117
0.211954 0.211990 0.576056
0.233452 0.217209 0.549339
0.212061 0.212360 0.575579
0.215823 0.227417 0.556760
0.211948 0.211967 0.576084
0.211970 0.212048 0.575981
0.212035 0.212292 0.575673
0.211942 0.211942 0.576116
0.212145 0.212687 0.575168
0.211942 0.211943 0.576115
0.211961 0.212013 0.576027
0.211964 0.212026 0.576010
0.211971 0.212052 0.575978
0.211994 0.212139 0.575867
0.212020 0.212237 0.575743
0.211996 0.212145 0.575859
0.524439 0.254134 0.221427
0.211983 0.212097 0.575920
0.212001 0.212163 0.575837
0.211991 0.212126 0.575884
0.211942 0.211942 0.576117
0.212002 0.212167 0.575831
0.211946 0.211960 0.576094
0.223930 0.555461 0.220609
0.211945 0.211955 0.576100
0.211943 0.211946 0.576111
0.211960 0.212003 0.576037
0.211942 0.211944 0.576114
0.212032 0.212279 0.575689
0.219614 0.223871 0.556515
0.211953 0.211986 0.576061
0.211943 0.211946 0.576111
0.212684 0.214404 0.572912
0.211945 0.211954 0.576101
0.211965 0.212031 0.576004
0.211943 0.211945 0.576112
0.211942 0.211942 0.576116
0.211943 0.211948 0.576108
0.211942 0.211942 0.576117
0.211943 0.211947 0.576110
0.211957 0.211999 0.576044
0.212057 0.212374 0.575569
0.212149 0.212721 0.575130
0.211942 0.211944 0.576114
0.212508 0.214083 0.573408
0.211947 0.211962 0.576091
0.212830 0.212348 0.574822
0.211968 0.212042 0.575990
0.211953 0.211984 0.576063
0.211959 0.212008 0.576032
0.211942 0.211942 0.576117
0.211960 0.212011 0.576029
0.211942 0.211942 0.576117
0.212007 0.212187 0.575806
0.211970 0.212049 0.575981
0.212102 0.212544 0.575354
0.211945 0.211954 0.576101
0.212196 0.212895 0.574909
0.211942 0.211942 0.576117
0.211987 0.212112 0.575900
0.211953 0.211979 0.576069
0.211943 0.211948 0.576109
0.211951 0.211978 0.576070
0.211952 0.211979 0.576070
0.211949 0.211969 0.576082
0.211955 0.211993 0.576051
0.214873 0.223444 0.561682
0.211942 0.211942 0.576117
0.211946 0.211957 0.576097
0.218121 0.236615 0.545263
0.211977 0.212075 0.575947
0.211971 0.212051 0.575978
0.211969 0.212046 0.575984
0.211944 0.211952 0.576103
0.211942 0.211942 0.576117
0.228520 0.554870 0.216610
0.211948 0.211966 0.576086
0.211942 0.211942 0.576117
0.212106 0.212558 0.575336
0.211949 0.211968 0.576083
0.211960 0.212011 0.576028
0.211942 0.211944 0.576114
0.211953 0.211986 0.576061
0.220523 0.565323 0.214155
0.211948 0.211965 0.576087
0.576104 0.211952 0.211944
0.211970 0.212048 0.575981
0.211942 0.211942 0.576117
0.211942 0.211942 0.576117
0.211942 0.211945 0.576113
0.211946 0.211959 0.576095
0.218199 0.214063 0.567738
0.211965 0.212031 0.576004
0.211952 0.211980 0.576068
0.211942 0.211945 0.576113
0.212523 0.214140 0.573336
0.570801 0.216153 0.213047
0.211957 0.212001 0.576042
0.212030 0.212274 0.575696
0.211951 0.211978 0.576071
0.211975 0.212068 0.575956
0.211961 0.212013 0.576026
0.211979 0.212082 0.575939
0.211994 0.212136 0.575870
0.211958 0.212003 0.576040
0.211976 0.212071 0.575952
0.211946 0.211958 0.576096
0.211942 0.211943 0.576114
0.211991 0.212129 0.575880
0.211976 0.212071 0.575952
0.213375 0.212322 0.574302
0.211962 0.212017 0.576021
0.212031 0.212275 0.575694
0.211983 0.212098 0.575919
0.212070 0.212423 0.575507
0.211942 0.211942 0.576117
0.212082 0.212462 0.575457
0.211994 0.212138 0.575868
0.211957 0.212000 0.576043
0.211942 0.211942 0.576117
0.211942 0.211942 0.576117
0.211950 0.211944 0.576106
0.211964 0.212027 0.576009
0.212012 0.212207 0.575780
0.211959 0.212006 0.576035
0.211942 0.211942 0.576117
0.211942 0.211942 0.576117
0.211942 0.211942 0.576117
0.211942 0.211942 0.576117
0.211942 0.211942 0.576117
0.211956 0.211994 0.576050
0.211944 0.211949 0.576107
0.211942 0.211942 0.576117
0.211954 0.211987 0.576059
0.211970 0.212049 0.575981
0.223969 0.268820 0.507211
0.211942 0.211942 0.576117
0.211942 0.211942 0.576117
0.211954 0.211988 0.576058
0.211943 0.211947 0.576110
0.211957 0.212000 0.576042
0.211997 0.212150 0.575853
0.211985 0.212105 0.575910
0.212127 0.212636 0.575237
0.211942 0.211942 0.576117
0.211942 0.211942 0.576117
0.211942 0.211942 0.576117
0.211959 0.212005 0.576036
0.211956 0.211995 0.576049
0.211956 0.211997 0.576047
0.211984 0.212100 0.575916
0.212017 0.212226 0.575757
0.211951 0.211977 0.576072
0.211973 0.212061 0.575966
0.211965 0.212029 0.576006
0.211942 0.211943 0.576115
0.211943 0.211948 0.576108
0.211942 0.211942 0.576117
0.211943 0.211947 0.576110
0.211976 0.212071 0.575953
0.212043 0.212321 0.575636
0.212088 0.212490 0.575422
0.211942 0.211942 0.576117
0.211942 0.211942 0.576117
0.211942 0.211942 0.576117
0.211945 0.211955 0.576100
0.211950 0.211975 0.576075
0.211976 0.212069 0.575956
0.212181 0.212809 0.575010
0.212001 0.212165 0.575834
0.211951 0.211976 0.576074
0.211942 0.211943 0.576115
0.211956 0.211996 0.576048
0.212002 0.212168 0.575830
0.211944 0.211951 0.576104
0.211942 0.211942 0.576117
0.211965 0.212028 0.576007
0.212107 0.212563 0.575330
0.211943 0.211945 0.576112
0.212007 0.212187 0.575806
0.211983 0.212097 0.575920
0.211944 0.211951 0.576105
0.212049 0.212345 0.575606
0.212004 0.212177 0.575819
0.211984 0.212101 0.575915
0.212163 0.212775 0.575062
0.211942 0.211942 0.576117
0.211942 0.211942 0.576116
0.211942 0.211942 0.576116
0.211942 0.211942 0.576116
0.211942 0.211942 0.576117
0.211954 0.211988 0.576058
0.571923 0.215261 0.212816
0.212023 0.212248 0.575728
0.211942 0.211942 0.576117
0.211942 0.211942 0.576117
0.211947 0.211963 0.576089
0.212111 0.212578 0.575311
0.211942 0.211942 0.576117
0.211942 0.211942 0.576117
0.212091 0.212504 0.575405
0.211942 0.211942 0.576117
0.211947 0.211963 0.576089
0.575063 0.212774 0.212163
0.212052 0.212355 0.575593
0.211962 0.212020 0.576018
0.212015 0.212219 0.575766
0.211955 0.211992 0.576053
0.211945 0.211953 0.576102
0.211950 0.211972 0.576079
0.211944 0.211952 0.576104
0.211960 0.576028 0.212012
0.212109 0.212569 0.575322
0.212085 0.212478 0.575438
0.230396 0.323311 0.446293
0.211964 0.212027 0.576008
0.211987 0.212112 0.575900
0.211945 0.211954 0.576101
0.238778 0.227234 0.533988
0.211942 0.211942 0.576117
0.211943 0.211946 0.576112
0.212068 0.212417 0.575515
0.211969 0.212044 0.575987
0.211942 0.211945 0.576113
0.211942 0.211942 0.576117
0.211955 0.211992 0.576053
0.212093 0.212511 0.575396
0.212031 0.212278 0.575691
0.211942 0.211942 0.576117
0.211951 0.211944 0.576105
0.211975 0.212067 0.575957
0.211946 0.211957 0.576097
0.211945 0.211953 0.576103
0.211942 0.211942 0.576117
0.211942 0.211942 0.576117
0.211944 0.211952 0.576103
0.211963 0.212021 0.576016
0.211953 0.211984 0.576063
0.211943 0.211946 0.576111
0.212021 0.212241 0.575737
0.211942 0.211942 0.576116
0.212065 0.212404 0.575532
0.220903 0.251340 0.527758
0.211944 0.211949 0.576107
0.211948 0.211966 0.576086
0.211986 0.212108 0.575906
0.211972 0.212056 0.575971
0.211942 0.211944 0.576114
0.211946 0.211959 0.576095
0.211942 0.211942 0.576117
0.211943 0.211948 0.576109
0.512564 0.225309 0.262128
0.212613 0.213305 0.574083
0.211984 0.575991 0.212025
0.211948 0.211967 0.576085
0.211942 0.211945 0.576113
0.212071 0.212427 0.575502
0.211942 0.211942 0.576116
0.212007 0.212186 0.575808
0.211990 0.212122 0.575888
0.211984 0.212100 0.575916
0.211947 0.211961 0.576092
0.211942 0.211942 0.576117
0.211969 0.212042 0.575989
0.211973 0.212059 0.575967
0.211942 0.211942 0.576117
0.211942 0.211942 0.576117
0.211942 0.211942 0.576116
0.211942 0.211942 0.576117
0.211967 0.212038 0.575995
0.211951 0.211978 0.576071
0.211971 0.212051 0.575978
0.211942 0.211942 0.576117
0.211947 0.211964 0.576089
0.211942 0.211942 0.576117
0.211945 0.211953 0.576102
0.212081 0.212463 0.575456
0.212338 0.575611 0.212051
0.211945 0.211954 0.576102
0.212083 0.212472 0.575445
0.212358 0.213509 0.574133
0.211993 0.212133 0.575875
0.211946 0.211959 0.576094
0.211976 0.212072 0.575952
0.211967 0.212039 0.575994
0.211985 0.212106 0.575909
0.212000 0.212161 0.575839
0.211942 0.211944 0.576114
0.211942 0.211942 0.576117
0.211942 0.211942 0.576117
0.211976 0.212068 0.575955
0.211942 0.211944 0.576114
0.211942 0.211942 0.576117
0.212057 0.212373 0.575570
0.211942 0.211942 0.576117
0.211964 0.212026 0.576010
0.447155 0.230903 0.321942
0.211953 0.211985 0.576062
0.211961 0.212016 0.576023
0.211942 0.211942 0.576117
0.212011 0.212201 0.575789
0.232408 0.359820 0.407772
0.211946 0.211958 0.576096
0.211945 0.211955 0.576100
0.211942 0.211942 0.576117
0.211944 0.211951 0.576105
0.212268 0.213142 0.574590
0.211942 0.211942 0.576117
0.211942 0.211942 0.576116
0.211943 0.211946 0.576111
0.211984 0.212102 0.575914
0.211957 0.211999 0.576044
0.211962 0.212005 0.576033
0.213036 0.216105 0.570859
0.213074 0.216258 0.570668
0.211942 0.211942 0.576116
0.212073 0.212433 0.575494
0.211967 0.212036 0.575997
0.211942 0.211942 0.576117
0.211942 0.211942 0.576117
0.231030 0.221773 0.547197
0.211974 0.212046 0.575981
0.211942 0.211942 0.576116
0.211942 0.211942 0.576117
0.211945 0.211954 0.576101
0.211969 0.212043 0.575989
0.211942 0.211942 0.576117
0.211942 0.211942 0.576117
0.212713 0.214867 0.572420
0.212266 0.213161 0.574573
0.211962 0.212018 0.576020
0.211948 0.211967 0.576085
0.211942 0.211942 0.576117
0.212066 0.212409 0.575525
0.211942 0.211942 0.576117
0.211942 0.211944 0.576114
0.538723 0.226443 0.234834
0.211942 0.211943 0.576115
0.222873 0.262232 0.514895
0.218964 0.241603 0.539433
0.214492 0.221883 0.563624
0.211942 0.211942 0.576117
0.211946 0.211958 0.576096
0.211969 0.212044 0.575988
0.228588 0.222839 0.548573
0.211942 0.211942 0.576117
0.211951 0.211978 0.576071
0.576117 0.211942 0.211942
0.211977 0.212075 0.575947
0.211968 0.212042 0.575989
0.214775 0.222375 0.562849
0.212069 0.212421 0.575510
0.212335 0.213424 0.574241
0.211942 0.211942 0.576117
0.211960 0.212009 0.576031
0.211944 0.211950 0.576106
0.211942 0.211942 0.576117
0.212194 0.212887 0.574920
0.211962 0.212016 0.576022
0.211943 0.211946 0.576111
0.211942 0.211942 0.576117
0.211943 0.211945 0.576112
0.211975 0.212069 0.575956
0.211950 0.211972 0.576078
0.212000 0.212162 0.575838
0.211943 0.211945 0.576112
0.211942 0.211942 0.576117
0.211958 0.212002 0.576040
0.211957 0.211999 0.576044
0.211942 0.211942 0.576117
0.211942 0.211942 0.576117
0.211942 0.211942 0.576117
0.213861 0.219347 0.566792
0.212033 0.212286 0.575681
0.212024 0.212250 0.575727
0.211942 0.211942 0.576117
0.211943 0.211946 0.576112
0.211947 0.211961 0.576092
0.211942 0.211942 0.576117
0.211942 0.211942 0.576117
0.211942 0.211942 0.576117
0.211942 0.211942 0.576117
0.211942 0.211942 0.576117
0.211942 0.211942 0.576117
0.211962 0.212020 0.576017
0.211949 0.211968 0.576083
0.211942 0.211942 0.576116
0.211942 0.211942 0.576117
0.211942 0.211942 0.576117
0.211946 0.211958 0.576096
0.211957 0.211998 0.576045
0.212222 0.212994 0.574784
0.211992 0.212129 0.575879
0.211945 0.211954 0.576101
0.211942 0.211942 0.576117
0.211960 0.212009 0.576031
0.212006 0.212123 0.575870
0.211942 0.211942 0.576117
0.211942 0.211942 0.576117
0.212028 0.212266 0.575706
0.211972 0.212057 0.575971
0.226945 0.557234 0.215822
0.211942 0.211943 0.576115
0.211953 0.211986 0.576061
0.211942 0.211942 0.576117
0.211942 0.211942 0.576117
0.211942 0.211942 0.576117
0.211971 0.212050 0.575979
0.211942 0.211945 0.576113
0.211991 0.212126 0.575883
0.211955 0.211991 0.576054
0.211975 0.212065 0.575961
0.211942 0.211942 0.576117
0.212093 0.212509 0.575398
0.211942 0.211942 0.576117
0.211951 0.211976 0.576073
0.211943 0.211948 0.576108
0.211942 0.211942 0.576117
0.576033 0.212008 0.211959
0.211942 0.211942 0.576117
0.211944 0.211951 0.576104
0.211942 0.211942 0.576117
0.211982 0.212093 0.575925
0.211983 0.212098 0.575918
0.212040 0.212301 0.575659
0.576112 0.211943 0.211945
0.574811 0.212973 0.212216
0.211942 0.211942 0.576117
0.212160 0.212000 0.575841
0.211942 0.211942 0.576117
0.211968 0.212042 0.575990
0.211942 0.211942 0.576117
0.211944 0.211951 0.576105
0.211951 0.211975 0.576074
0.211942 0.211942 0.576117
0.212046 0.212330 0.575624
0.211948 0.211964 0.576088
0.211942 0.211944 0.576113
0.212117 0.212599 0.575285
0.213137 0.216495 0.570368
0.212042 0.212318 0.575640
0.211961 0.212015 0.576024
0.211955 0.211993 0.576051
0.211969 0.212045 0.575986
0.211960 0.212010 0.576030
0.211956 0.211997 0.576047
0.231119 0.332490 0.436391
0.211976 0.212072 0.575952
0.211942 0.211942 0.576117
0.211946 0.211957 0.576097
0.211976 0.212072 0.575952
0.211972 0.212055 0.575973
0.211942 0.576117 0.211942
0.211999 0.212155 0.575846
0.211942 0.211942 0.576117
0.211946 0.211957 0.576098
0.211945 0.211955 0.576100
0.211961 0.212014 0.576025
0.230267 0.247419 0.522313
0.211942 0.211942 0.576116
0.212819 0.215269 0.571913
0.211943 0.211946 0.576112
0.211942 0.211942 0.576117
0.212577 0.212111 0.575313
0.211942 0.211942 0.576117
0.211970 0.212048 0.575982
0.211942 0.211942 0.576117
0.211961 0.212013 0.576027
0.211942 0.211942 0.576117
0.211957 0.211995 0.576048
0.211947 0.211963 0.576090
0.211942 0.211942 0.576117
0.211942 0.211942 0.576117
0.211942 0.211942 0.576117
0.211942 0.211942 0.576116
0.557441 0.226866 0.215693
0.211970 0.212048 0.575982
0.211942 0.211942 0.576117
0.211951 0.211978 0.576071
0.211942 0.211942 0.576117
0.211950 0.211972 0.576078
0.211942 0.211942 0.576117
0.211942 0.211942 0.576117
0.211942 0.211942 0.576117
0.211942 0.211942 0.576117
0.230984 0.437583 0.331433
0.211942 0.211942 0.576117
0.211956 0.211994 0.576051
0.211946 0.211957 0.576098
0.211962 0.212019 0.576019
0.211972 0.212056 0.575972
0.301668 0.469958 0.228374
0.211942 0.211944 0.576114
0.211942 0.211942 0.576117
0.211977 0.212074 0.575949
0.211946 0.211960 0.576094
0.211946 0.211958 0.576097
0.211956 0.211996 0.576047
0.211966 0.212033 0.576001
0.211957 0.212001 0.576042
0.211957 0.211998 0.576045
0.235081 0.348254 0.416665
0.211983 0.212096 0.575921
0.211987 0.212110 0.575903
0.211986 0.212109 0.575905
0.211942 0.211942 0.576117
0.211953 0.211984 0.576062
0.212159 0.212759 0.575082
0.211942 0.211942 0.576117
0.211942 0.211942 0.576117
0.211993 0.212136 0.575870
0.211942 0.211942 0.576117
0.211942 0.211942 0.576117
0.211942 0.211942 0.576117
0.575349 0.212144 0.212508
0.211966 0.212031 0.576003
0.211942 0.211942 0.576117
0.211942 0.211942 0.576117
0.212175 0.212821 0.575004
0.212013 0.212209 0.575779
0.211951 0.211976 0.576073
0.211943 0.211948 0.576109
0.217748 0.235899 0.546354
0.211942 0.211942 0.576116
0.211942 0.211942 0.576117
0.211949 0.211970 0.576081
0.212189 0.212873 0.574938
0.211943 0.211946 0.576111
0.211967 0.212036 0.575997
0.211951 0.211966 0.576083
0.211998 0.212137 0.575865
0.211942 0.211942 0.576117
0.211942 0.211942 0.576117
0.211944 0.211951 0.576106
0.211943 0.211945 0.576112
0.211955 0.211992 0.576054
0.212001 0.212166 0.575833
0.211968 0.212041 0.575991
0.211943 0.211948 0.576108
0.211972 0.212057 0.575971
0.211943 0.211949 0.576108
0.211957 0.212001 0.576042
0.212000 0.212160 0.575840
0.212014 0.212212 0.575774
0.211963 0.212022 0.576015
0.211942 0.211942 0.576117
0.211942 0.211942 0.576117
0.211958 0.212004 0.576037
0.211942 0.211942 0.576117
0.211943 0.211947 0.576109
0.211957 0.212001 0.576042
0.211989 0.212119 0.575892
0.211945 0.211953 0.576102
0.211946 0.211960 0.576094
0.211975 0.212067 0.575958
0.211999 0.212158 0.575843
0.211968 0.212041 0.575991
0.232848 0.379306 0.387846
0.211942 0.211942 0.576116
0.211942 0.211942 0.576117
0.211942 0.211942 0.576117
0.211942 0.211942 0.576117
0.211942 0.211942 0.576117
0.211947 0.211960 0.576093
0.211942 0.211942 0.576117
0.211947 0.211963 0.576089
0.211942 0.211942 0.576117
0.211959 0.212007 0.576034
0.211957 0.212001 0.576041
0.212581 0.214357 0.573062
0.211997 0.212148 0.575856
0.212325 0.213385 0.574291
0.211956 0.211997 0.576047
0.211942 0.211942 0.576116
0.212198 0.212899 0.574902
0.234412 0.217420 0.548168
0.211942 0.211942 0.576117
0.211961 0.212014 0.576025
0.211977 0.212076 0.575947
0.212016 0.212216 0.575768
0.211942 0.211942 0.576116
0.211962 0.212019 0.576019
0.576099 0.211956 0.211945
0.211955 0.211993 0.576052
0.211949 0.211969 0.576081
0.211957 0.211998 0.576045
0.211947 0.211963 0.576090
0.211956 0.211995 0.576049
0.211965 0.212028 0.576007
0.211984 0.212102 0.575913
0.211942 0.211943 0.576115
0.211944 0.211951 0.576105
0.211967 0.212037 0.575996
0.211942 0.211942 0.576117
0.527274 0.251747 0.220980
0.211942 0.211942 0.576117
0.211951 0.211975 0.576074
0.211948 0.211965 0.576088
0.211942 0.211943 0.576115
0.211990 0.212124 0.575885
0.211944 0.211951 0.576104
0.211963 0.212021 0.576016
0.569662 0.217058 0.213280
0.211945 0.211953 0.576102
0.211942 0.211942 0.576117
0.211969 0.211949 0.576083
0.211985 0.212105 0.575910
0.211988 0.212116 0.575896
0.211950 0.211975 0.576075
0.211949 0.211943 0.576108
0.211949 0.211969 0.576082
0.211944 0.211949 0.576107
0.211955 0.211993 0.576051
0.212065 0.212405 0.575530
0.212316 0.213351 0.574332
0.211947 0.211964 0.576089
0.211942 0.211942 0.576117
0.211942 0.211942 0.576117
0.213566 0.218182 0.568252
0.211942 0.211942 0.576117
0.211942 0.211942 0.576117
0.211942 0.211942 0.576116
0.212024 0.212251 0.575725
0.211942 0.211942 0.576117
0.212160 0.212762 0.575078
0.212044 0.212328 0.575628
0.211942 0.211944 0.576114
0.232629 0.394223 0.373148
0.211991 0.212125 0.575884
0.251146 0.477662 0.271192
0.211942 0.211942 0.576117
0.212096 0.212520 0.575385
0.211942 0.211942 0.576117
0.211943 0.211948 0.576109
0.211947 0.211961 0.576092
0.211956 0.211996 0.576048
0.213432 0.217654 0.568914
0.227937 0.297766 0.474297
0.211970 0.212050 0.575980
0.211942 0.211942 0.576117
0.211942 0.211942 0.576117
0.211942 0.211942 0.576117
0.211977 0.212066 0.575957
0.212005 0.212180 0.575815
0.212054 0.212364 0.575582
0.211969 0.212043 0.575988
0.211942 0.211942 0.576117
0.211942 0.211942 0.576117
0.211997 0.212149 0.575854
0.211942 0.211942 0.576117
0.211945 0.211943 0.576112
0.211980 0.212085 0.575935
0.211977 0.212074 0.575949
0.211975 0.212046 0.575979
0.212130 0.212649 0.575222
0.211942 0.211942 0.576117
0.211942 0.211942 0.576117
0.211942 0.211942 0.576117
0.211942 0.211942 0.576117
0.211942 0.211942 0.576116
0.211982 0.212093 0.575925
0.211942 0.211943 0.576115
0.211967 0.212038 0.575994
0.211954 0.211987 0.576059
0.211942 0.211942 0.576117
0.211988 0.212114 0.575898
0.211949 0.211968 0.576083
0.211942 0.211942 0.576117
0.211942 0.211942 0.576117
0.211955 0.211991 0.576055
0.211942 0.211942 0.576117
0.212544 0.214219 0.573237
0.214235 0.220843 0.564921
0.211952 0.211982 0.576065
0.211942 0.211942 0.576117
0.211950 0.211972 0.576079
0.211944 0.211952 0.576104
0.211942 0.211942 0.576116
0.211942 0.211942 0.576117
0.211942 0.211942 0.576117
0.211946 0.211959 0.576095
0.211942 0.211942 0.576117
0.211944 0.211949 0.576107
0.211953 0.211983 0.576064
0.211943 0.211944 0.576114
0.211984 0.212101 0.575915
0.213025 0.216061 0.570914
0.211942 0.211942 0.576117
0.211942 0.211942 0.576117
0.211943 0.211945 0.576112
0.231022 0.331981 0.436998
0.211942 0.211943 0.576116
0.211971 0.212052 0.575977
0.211983 0.212097 0.575920
0.211966 0.212034 0.576000
0.211994 0.212140 0.575866
0.211953 0.211983 0.576065
0.211942 0.211942 0.576117
0.212079 0.212448 0.575472
0.428437 0.340053 0.231510
0.211945 0.211956 0.576099
0.211942 0.211942 0.576117
0.211977 0.212073 0.575951
0.211986 0.212110 0.575904
0.211993 0.212134 0.575873
0.211942 0.211942 0.576116
0.211947 0.211962 0.576090
0.212320 0.213366 0.574314
0.212998 0.215962 0.571040
0.219613 0.214207 0.566180
0.211942 0.211942 0.576117
0.211943 0.211948 0.576108
0.211942 0.211943 0.576116
0.212013 0.212211 0.575775
0.211967 0.212039 0.575994
0.211943 0.211947 0.576109
0.212145 0.212706 0.575149
0.212664 0.574924 0.212412
0.211993 0.212136 0.575871
0.212048 0.212341 0.575610
0.211942 0.211945 0.576113
0.211942 0.211942 0.576116
0.212014 0.212214 0.575772
0.212016 0.212219 0.575765
0.211942 0.211942 0.576117
0.211942 0.211942 0.576117
0.211942 0.211942 0.576117
0.211942 0.211943 0.576115
0.212031 0.212246 0.575723
0.211942 0.211942 0.576117
0.211942 0.211942 0.576117
0.211946 0.211957 0.576098
0.211949 0.211970 0.576081
0.211946 0.211958 0.576096
0.211942 0.211942 0.576117
0.212001 0.212166 0.575833
0.211960 0.212009 0.576032
0.212093 0.212512 0.575395
0.211964 0.212027 0.576009
0.212043 0.212323 0.575633
0.211942 0.211942 0.576117
0.211942 0.211942 0.576117
0.211942 0.211944 0.576113
0.211973 0.212061 0.575966
0.211942 0.211942 0.576117
0.212475 0.213954 0.573571
0.576094 0.211960 0.211946
0.211942 0.211942 0.576117
0.216039 0.228339 0.555622
0.211952 0.211980 0.576068
0.211984 0.212102 0.575914
0.211946 0.211959 0.576095
0.212492 0.214020 0.573488
0.211949 0.211971 0.576079
0.211964 0.212024 0.576012
0.211942 0.211942 0.576117
0.211950 0.211972 0.576078
0.211947 0.211963 0.576089
0.520931 0.257099 0.221970
0.211960 0.212010 0.576030
0.212194 0.212890 0.574915
0.211949 0.211970 0.576081
0.232697 0.381175 0.386127
0.211978 0.212040 0.575982
0.211947 0.211963 0.576090
0.211942 0.211942 0.576117
0.211942 0.211942 0.576117
0.211970 0.212049 0.575980
0.212413 0.213718 0.573869
0.211942 0.211942 0.576117
0.212066 0.212388 0.575546
0.211947 0.211961 0.576093
0.211965 0.212031 0.576003
0.211951 0.211977 0.576072
0.211943 0.211948 0.576109
0.211959 0.212005 0.576036
0.211942 0.211943 0.576115
0.211954 0.211988 0.576058
0.211947 0.211964 0.576089
0.211951 0.211977 0.576071
0.211957 0.211998 0.576045
0.211942 0.211945 0.576113
0.211942 0.211942 0.576117
0.212254 0.213118 0.574628
0.211970 0.212046 0.575984
0.211962 0.212019 0.576019
0.231460 0.334662 0.433878
0.211943 0.211948 0.576109
0.211942 0.211942 0.576117
0.211942 0.211942 0.576116
0.211986 0.212109 0.575905
0.211945 0.211953 0.576102
0.211942 0.211942 0.576116
0.211996 0.212145 0.575859
0.211955 0.211992 0.576053
0.211942 0.211942 0.576117
0.211942 0.211942 0.576117
0.211942 0.211942 0.576117
0.211942 0.211942 0.576117
0.211942 0.211942 0.576116
0.211965 0.212031 0.576003
0.211942 0.211942 0.576117
0.211997 0.212140 0.575864
0.212136 0.212671 0.575194
0.211953 0.211986 0.576061
0.211942 0.211943 0.576116
0.211956 0.211997 0.576047
0.211959 0.212007 0.576034
0.212098 0.212527 0.575375
0.211943 0.211948 0.576109
0.212094 0.212515 0.575390
0.211942 0.211942 0.576117
0.211976 0.212070 0.575954
0.570760 0.216185 0.213055
0.211942 0.211942 0.576117
0.211942 0.211942 0.576117
0.211942 0.211942 0.576117
0.211956 0.211994 0.576050
0.211967 0.212036 0.575998
0.211968 0.212041 0.575991
0.212135 0.212669 0.575195
0.211963 0.212022 0.576014
0.212036 0.212295 0.575669
0.211943 0.211946 0.576111
0.212057 0.212373 0.575570
0.211946 0.211958 0.576096
0.212072 0.212423 0.575505
0.211942 0.211942 0.576117
0.211985 0.212106 0.575909
0.211944 0.211950 0.576106
0.212027 0.212261 0.575712
0.211958 0.212004 0.576038
0.211944 0.211950 0.576106
0.212003 0.212171 0.575826
0.211945 0.211943 0.576112
0.212039 0.212305 0.575656
0.211942 0.211942 0.576117
0.212001 0.212165 0.575833
0.212019 0.212231 0.575750
0.212067 0.212414 0.575519
0.211946 0.211958 0.576096
0.212364 0.213529 0.574107
0.211942 0.211945 0.576113
0.211987 0.212111 0.575903
0.212810 0.212173 0.575018
0.212094 0.212515 0.575391
0.211945 0.211945 0.576110
0.211942 0.211942 0.576117
0.211942 0.211942 0.576117
0.227815 0.289752 0.482433
0.211942 0.211944 0.576114
0.212039 0.212306 0.575656
0.212115 0.212593 0.575292
0.211952 0.211981 0.576067
0.212134 0.212664 0.575202
0.211970 0.212047 0.575983
0.212002 0.212167 0.575831
0.211977 0.212074 0.575949
0.211945 0.211953 0.576103
0.211950 0.211974 0.576076
0.211952 0.211944 0.576104
0.211942 0.211942 0.576117
0.213723 0.573493 0.212785
0.211942 0.211942 0.576117
0.212031 0.212278 0.575690
0.211953 0.211986 0.576060
0.211957 0.211998 0.576046
0.211942 0.211942 0.576117
0.211978 0.212076 0.575946
0.211947 0.211960 0.576093
0.211946 0.211946 0.576108
0.211942 0.211942 0.576117
0.211956 0.211996 0.576048
0.212016 0.212222 0.575762
0.211942 0.211942 0.576117
0.211947 0.211962 0.576091
0.212013 0.212210 0.575777
0.211974 0.212063 0.575963
0.211942 0.211942 0.576117
0.211942 0.211942 0.576117
0.211943 0.211946 0.576111
0.211946 0.211957 0.576097
0.212122 0.212620 0.575257
0.211968 0.212040 0.575992
0.211942 0.211942 0.576117
0.263550 0.466026 0.270425
0.211965 0.212031 0.576004
0.211949 0.211971 0.576079
0.211989 0.212120 0.575891
0.212286 0.213238 0.574476
0.211942 0.211942 0.576116
0.211942 0.211942 0.576117
0.211989 0.212119 0.575892
0.211970 0.212048 0.575982
0.211944 0.211950 0.576106
0.211945 0.211953 0.576103
0.211942 0.211945 0.576113
0.212170 0.212801 0.575029
0.212271 0.212029 0.575700
0.211942 0.211942 0.576117
0.211942 0.211942 0.576117
0.211942 0.211944 0.576114
0.211942 0.211942 0.576117
0.211942 0.211942 0.576117
0.212121 0.212613 0.575267
0.211978 0.212080 0.575942
0.211942 0.211942 0.576117
0.211945 0.211954 0.576101
0.211980 0.212087 0.575932
0.212027 0.212264 0.575709
0.211943 0.211947 0.576110
0.211961 0.212013 0.576026
0.211943 0.211948 0.576109
0.212030 0.212254 0.575716
0.211942 0.211942 0.576117
0.211942 0.211942 0.576117
0.211968 0.212042 0.575989
0.211942 0.211945 0.576112
0.211993 0.212134 0.575873
0.211970 0.212048 0.575982
0.211945 0.211954 0.576101
0.220712 0.528978 0.250310
0.211942 0.211942 0.576117
0.211942 0.211942 0.576117
0.211948 0.211966 0.576086
0.211942 0.211942 0.576117
0.211968 0.212041 0.575991
0.317681 0.452258 0.230061
0.211942 0.211942 0.576117
0.211943 0.211948 0.576109
0.212035 0.212293 0.575672
0.211986 0.212108 0.575905
0.211942 0.211942 0.576117
0.212782 0.215128 0.572090
0.211942 0.211942 0.576117
0.237303 0.535991 0.226705
0.212002 0.212168 0.575830
0.211963 0.212022 0.576015
0.211969 0.212045 0.575986
0.211949 0.211968 0.576083
0.211942 0.211942 0.576117
0.211942 0.211942 0.576117
0.232032 0.471730 0.296237
0.211942 0.211943 0.576115
0.211968 0.212040 0.575992
0.211951 0.211978 0.576071
0.212032 0.212280 0.575689
0.212008 0.212190 0.575803
0.211942 0.211942 0.576117
0.211949 0.211970 0.576081
0.211964 0.212024 0.576012
0.211984 0.212100 0.575915
0.211946 0.211958 0.576096
0.211942 0.211942 0.576116
0.521902 0.221821 0.256277
0.211942 0.211942 0.576116
0.501709 0.273576 0.224715
0.211942 0.211942 0.576117
0.211946 0.211959 0.576095
0.211942 0.211942 0.576117
0.211942 0.211942 0.576117
0.211942 0.211942 0.576117
0.211973 0.212059 0.575968
0.211942 0.211942 0.576117
0.212123 0.212623 0.575254
0.212219 0.212955 0.574826
0.211942 0.211942 0.576117
0.211964 0.212026 0.576010
0.211942 0.211942 0.576117
0.211967 0.212038 0.575995
0.212020 0.212214 0.575766
0.212510 0.214089 0.573401
0.211942 0.211942 0.576116
0.211942 0.211942 0.576117
0.211942 0.211942 0.576117
0.212026 0.212248 0.575726
0.211942 0.211942 0.576117
0.211942 0.211942 0.576117
0.211942 0.211942 0.576116
0.211983 0.212097 0.575920
0.211942 0.211945 0.576113
0.211942 0.211942 0.576117
0.211944 0.211952 0.576104
0.211975 0.212066 0.575960
0.211993 0.212135 0.575872
0.211942 0.211942 0.576117
0.211942 0.211944 0.576114
0.212677 0.214725 0.572598
0.211942 0.211942 0.576117
0.211942 0.211942 0.576117
0.211951 0.211976 0.576073
0.229121 0.226213 0.544666
0.211993 0.212134 0.575873
0.211968 0.212015 0.576017
0.211942 0.211944 0.576113
0.211943 0.211945 0.576112
0.211942 0.211942 0.576117
0.211942 0.211942 0.576117
0.211942 0.211942 0.576117
0.211975 0.212069 0.575956
0.211942 0.211942 0.576117
0.211942 0.211942 0.576117
0.212026 0.212259 0.575714
0.211981 0.212089 0.575930
0.543962 0.237864 0.218174
0.211944 0.211952 0.576103
0.211945 0.211953 0.576103
0.211942 0.211942 0.576117
0.211952 0.211980 0.576068
0.211957 0.212000 0.576043
0.211943 0.211946 0.576111
0.212000 0.212158 0.575842
0.211966 0.212032 0.576002
0.211955 0.211991 0.576054
0.211942 0.211942 0.576117
0.211942 0.211942 0.576117
0.211982 0.212091 0.575927
0.576109 0.211948 0.211943
0.211947 0.211960 0.576093
0.211986 0.212107 0.575908
0.212077 0.212404 0.575520
0.212034 0.212289 0.575677
0.212246 0.213087 0.574666
0.211942 0.211944 0.576113
0.211949 0.211970 0.576080
0.211944 0.211949 0.576107
0.211942 0.211942 0.576116
0.211942 0.211942 0.576117
0.212065 0.212396 0.575539
0.211955 0.211990 0.576055
0.211950 0.211973 0.576077
0.211942 0.211942 0.576117
0.211971 0.212044 0.575985
0.211942 0.211942 0.576116
0.211944 0.211950 0.576106
0.211944 0.211951 0.576105
0.211942 0.211943 0.576116
0.211942 0.211942 0.576117
0.212180 0.212827 0.574993
0.212012 0.212204 0.575784
0.247893 0.531871 0.220236
0.211942 0.211944 0.576114
0.211987 0.212096 0.575917
0.211947 0.211962 0.576092
0.211942 0.211942 0.576116
0.211954 0.211987 0.576059
0.211942 0.211942 0.576117
0.211948 0.211966 0.576086
0.212198 0.212907 0.574894
0.211950 0.211971 0.576079
0.211948 0.211967 0.576085
0.211953 0.211967 0.576080
0.212799 0.575031 0.212170
0.219705 0.214170 0.566125
0.211969 0.212043 0.575988
0.212336 0.213231 0.574434
0.211951 0.211976 0.576073
0.211964 0.212027 0.576009
0.211954 0.211945 0.576101
0.211944 0.211951 0.576105
0.215736 0.219580 0.564684
0.211942 0.211942 0.576117
0.212032 0.212279 0.575689
0.211944 0.211952 0.576104
0.211955 0.211989 0.576056
0.211946 0.211959 0.576095
0.211990 0.212124 0.575886
0.211967 0.212038 0.575994
0.211942 0.211942 0.576117
0.211942 0.211942 0.576117
0.211942 0.211942 0.576117
0.211942 0.211942 0.576117
0.214970 0.212740 0.572290
0.550951 0.216911 0.232138
0.211982 0.212095 0.575923
0.211942 0.211942 0.576117
0.211942 0.211942 0.576116
0.211942 0.211942 0.576117
0.211946 0.211959 0.576094
0.211942 0.211942 0.576117
0.211960 0.212010 0.576030
0.211962 0.212016 0.576022
0.211947 0.211963 0.576090
0.211943 0.211948 0.576108
0.212042 0.212317 0.575641
0.211945 0.211951 0.576104
0.212022 0.212242 0.575736
0.211942 0.211942 0.576117
0.211962 0.212019 0.576019
0.211942 0.211942 0.576117
0.211942 0.211942 0.576116
0.211942 0.211942 0.576117
0.211947 0.211960 0.576093
0.211955 0.211992 0.576053
0.211948 0.211966 0.576086
0.240543 0.239837 0.519620
0.211944 0.211950 0.576106
0.211955 0.211993 0.576052
0.211959 0.212005 0.576036
0.212005 0.212166 0.575828
0.212032 0.211966 0.576002
0.212015 0.212216 0.575769
0.574603 0.213138 0.212260
0.576017 0.212020 0.211963
0.211952 0.211982 0.576066
0.211945 0.211954 0.576101
0.211942 0.211942 0.576117
0.211942 0.211942 0.576117
0.211942 0.211942 0.576117
0.218382 0.238825 0.542794
0.211945 0.211956 0.576099
0.219281 0.237783 0.542936
0.213054 0.216173 0.570773
0.211981 0.212079 0.575941
0.211983 0.212095 0.575922
0.212215 0.212971 0.574813
0.212642 0.214577 0.572782
0.212406 0.213177 0.574418
0.218816 0.236959 0.544225
0.211942 0.211942 0.576117
0.211942 0.211942 0.576117
0.213127 0.216453 0.570420
0.211942 0.211942 0.576117
0.211942 0.211942 0.576117
0.211942 0.211942 0.576117
0.211942 0.211942 0.576117
0.211948 0.211965 0.576088
0.212653 0.214453 0.572894
0.212825 0.215297 0.571878
0.211957 0.211999 0.576044
0.211956 0.211997 0.576047
0.211956 0.211995 0.576049
0.211971 0.212049 0.575981
0.212009 0.212195 0.575796
0.211942 0.211942 0.576117
0.211947 0.211963 0.576090
0.211943 0.211946 0.576111
0.211942 0.211942 0.576116
0.211987 0.212111 0.575902
0.211942 0.211942 0.576117
0.211942 0.211942 0.576117
0.211962 0.212019 0.576019
0.211942 0.211942 0.576117
0.211945 0.211955 0.576100
0.211959 0.212007 0.576034
0.211942 0.211942 0.576117
0.211967 0.212036 0.575997
0.217160 0.233244 0.549596
0.211990 0.212123 0.575886
0.211950 0.211975 0.576075
0.212066 0.212410 0.575523
0.211949 0.211969 0.576082
0.211971 0.212051 0.575978
0.211942 0.211942 0.576117
0.211942 0.211942 0.576117
0.211942 0.211942 0.576117
0.212103 0.212549 0.575348
0.211942 0.211942 0.576117
0.212001 0.212165 0.575834
0.211955 0.211945 0.576100
0.575812 0.212182 0.212006
0.211942 0.211942 0.576117
0.212075 0.575854 0.212071
0.211942 0.211942 0.576117
0.211942 0.211943 0.576115
0.211980 0.212084 0.575937
0.211952 0.211981 0.576067
0.211972 0.212055 0.575973
0.211962 0.212019 0.576019
0.212371 0.213560 0.574070
0.211944 0.211952 0.576104
0.213001 0.214393 0.572605
0.211942 0.211942 0.576117
0.211942 0.211942 0.576116
0.211942 0.211942 0.576117
0.211943 0.211947 0.576110
0.211973 0.212061 0.575966
0.211954 0.211988 0.576058
0.211958 0.212002 0.576040
0.211945 0.211956 0.576098
0.211964 0.212026 0.576009
0.211947 0.211963 0.576090
0.212022 0.212245 0.575733
0.211951 0.211977 0.576073
0.212028 0.212265 0.575707
0.211943 0.211944 0.576113
0.211957 0.211998 0.576045
0.211956 0.211995 0.576049
0.212047 0.212338 0.575615
0.211955 0.211991 0.576054
0.211945 0.211953 0.576102
0.211942 0.211942 0.576117
0.211946 0.211960 0.576094
0.211985 0.212104 0.575911
0.211945 0.211956 0.576098
0.217233 0.233544 0.549223
0.211952 0.211979 0.576070
0.211943 0.211946 0.576111
0.211943 0.211946 0.576112
0.211963 0.212023 0.576014
0.211969 0.212043 0.575988
0.212390 0.213632 0.573978
0.212042 0.212320 0.575638
0.212303 0.213303 0.574394
0.211969 0.212044 0.575987
0.211945 0.211955 0.576100
0.211964 0.212026 0.576009
0.211942 0.211942 0.576117
0.211949 0.211970 0.576081
0.211942 0.211942 0.576117
0.211951 0.211976 0.576073
0.211944 0.211950 0.576106
0.211942 0.211942 0.576117
0.211950 0.211975 0.576075
0.211949 0.211968 0.576083
0.211942 0.211944 0.576113
0.211943 0.211946 0.576112
0.211944 0.211951 0.576105
0.211958 0.212004 0.576038
0.211972 0.212054 0.575974
0.211946 0.211959 0.576094
0.211975 0.212068 0.575957
0.211942 0.211942 0.576117
0.564905 0.220853 0.214242
0.211964 0.212026 0.576009
0.211949 0.211971 0.576080
0.213916 0.219568 0.566516
0.212263 0.212909 0.574827
0.211944 0.211952 0.576104
0.212010 0.212199 0.575791
0.212041 0.212314 0.575645
0.211960 0.212011 0.576028
0.211942 0.211942 0.576117
0.211993 0.212133 0.575874
0.211949 0.211968 0.576083
0.211985 0.212104 0.575911
0.211974 0.212062 0.575964
0.211946 0.211960 0.576094
0.211978 0.212079 0.575943
0.212354 0.213497 0.574149
0.212126 0.212610 0.575263
0.576113 0.211944 0.211942
0.211942 0.211943 0.576115
0.211954 0.211986 0.576060
0.212039 0.212303 0.575657
