0.232666 0.394153 0.373180
0.212820 0.215275 0.571905
0.211942 0.211942 0.576117
0.213010 0.216008 0.570981
0.211942 0.211943 0.576115
0.214199 0.220703 0.565098
0.213620 0.218393 0.567987
0.213416 0.217525 0.569059
0.212823 0.215289 0.571888
0.221610 0.255108 0.523283
0.573435 0.214062 0.212503
0.211942 0.211942 0.576117
0.212879 0.215503 0.571619
0.232275 0.357518 0.410206
0.213144 0.216531 0.570325
0.213699 0.218705 0.567596
0.211942 0.211942 0.576117
0.211942 0.211942 0.576117
0.211942 0.211942 0.576117
0.213057 0.216190 0.570753
0.213807 0.219134 0.567059
0.212488 0.214005 0.573508
0.222019 0.520614 0.257367
0.211979 0.212082 0.575939
0.211984 0.212099 0.575917
0.211950 0.211972 0.576078
0.237840 0.543992 0.218168
0.211950 0.576097 0.211953
0.230316 0.455496 0.314188
0.211958 0.212001 0.576041
0.211942 0.211942 0.576117
0.211961 0.211947 0.576093
0.211942 0.211942 0.576117
0.212842 0.215362 0.571796
0.213847 0.219292 0.566861
0.214890 0.223511 0.561599
0.211942 0.211942 0.576117
0.211942 0.211942 0.576117
0.215194 0.224769 0.560037
0.318726 0.423530 0.257744
0.212736 0.214955 0.572308
0.231233 0.335318 0.433448
0.212640 0.214584 0.572776
0.212479 0.213971 0.573550
0.213548 0.218108 0.568344
0.212990 0.215934 0.571076
0.214128 0.220409 0.565463
0.216199 0.229028 0.554773
0.213205 0.216766 0.570030
0.220302 0.240482 0.539216
0.214136 0.220447 0.565417
0.212154 0.212740 0.575106
0.212965 0.215837 0.571197
0.213890 0.219464 0.566647
0.296578 0.475622 0.227800
0.211942 0.211942 0.576117
0.212358 0.574130 0.213512
0.211942 0.211942 0.576117
0.211998 0.212154 0.575848
0.218810 0.240863 0.540328
0.212479 0.213972 0.573549
0.220084 0.247088 0.532828
0.212162 0.212770 0.575068
0.211942 0.211942 0.576117
0.213919 0.219579 0.566503
0.214438 0.221663 0.563899
0.212003 0.212170 0.575827
0.212222 0.212995 0.574783
0.211974 0.575966 0.212060
0.212502 0.575407 0.212091
0.231007 0.293757 0.475236
0.211942 0.211942 0.576117
0.211942 0.211942 0.576117
0.211942 0.211942 0.576117
0.211942 0.211944 0.576114
0.213184 0.216684 0.570132
0.211942 0.211942 0.576117
0.211945 0.211953 0.576102
0.211942 0.211942 0.576117
0.212987 0.215922 0.571091
0.211942 0.211942 0.576117
0.448150 0.230259 0.321591
0.218894 0.213746 0.567360
0.212123 0.212623 0.575255
0.213035 0.216107 0.570858
0.212555 0.214259 0.573186
0.213176 0.216655 0.570169
0.212541 0.214206 0.573254
0.220976 0.251719 0.527305
0.213063 0.216213 0.570724
0.560825 0.224134 0.215041
0.211942 0.211942 0.576117
0.211950 0.211973 0.576077
0.211942 0.211942 0.576116
0.211955 0.211991 0.576054
0.211942 0.211942 0.576117
0.211942 0.211942 0.576117
0.214902 0.212730 0.572367
0.215776 0.212951 0.571273
0.212677 0.214727 0.572595
0.211942 0.211942 0.576117
0.216926 0.230222 0.552852
0.211942 0.211942 0.576117
0.217830 0.236261 0.545909
0.212876 0.215493 0.571630
0.215879 0.227379 0.556742
0.212589 0.214386 0.573025
0.211943 0.576115 0.211942
0.215397 0.225114 0.559488
0.214154 0.220517 0.565329
0.223790 0.267729 0.508481
0.217076 0.230605 0.552319
0.212106 0.212558 0.575336
0.229965 0.318042 0.451994
0.212672 0.214707 0.572621
0.215705 0.226913 0.557382
0.225589 0.279502 0.494909
0.212358 0.213510 0.574132
0.220347 0.248063 0.531591
0.212362 0.213526 0.574112
0.212908 0.215614 0.571478
0.211942 0.211942 0.576117
0.215475 0.212874 0.571652
0.212485 0.213989 0.573526
0.213379 0.217445 0.569176
0.229054 0.462775 0.308172
0.212290 0.213253 0.574457
0.292996 0.243356 0.463647
0.211995 0.212144 0.575861
0.213187 0.216697 0.570116
0.213058 0.216194 0.570748
0.212903 0.215597 0.571499
0.223955 0.268757 0.507288
0.218889 0.241241 0.539870
0.211942 0.211942 0.576117
0.214121 0.565519 0.220359
0.576059 0.211987 0.211954
0.214942 0.223727 0.561331
0.219233 0.242903 0.537864
0.212914 0.215601 0.571484
0.212411 0.213711 0.573878
0.211942 0.211942 0.576117
0.212680 0.214730 0.572591
0.230901 0.440161 0.328938
0.213107 0.216386 0.570506
0.213079 0.216276 0.570645
0.225281 0.277210 0.497509
0.213707 0.567987 0.218306
0.221042 0.252074 0.526884
0.221683 0.251711 0.526606
0.213060 0.216178 0.570762
0.222000 0.257003 0.520997
0.213687 0.218660 0.567652
0.213262 0.216988 0.569750
0.211942 0.211942 0.576117
0.216210 0.229073 0.554717
0.217316 0.549843 0.232841
0.212465 0.213916 0.573619
0.211970 0.212049 0.575981
0.214812 0.223192 0.561995
0.211942 0.211942 0.576117
0.214172 0.220591 0.565237
0.211942 0.211942 0.576117
0.212507 0.214079 0.573414
0.212905 0.215602 0.571493
0.212013 0.212208 0.575780
0.231638 0.342436 0.425926
0.570481 0.216406 0.213112
0.218027 0.237187 0.544785
0.211942 0.211942 0.576117
0.213765 0.218386 0.567849
0.569216 0.217413 0.213370
0.214425 0.221615 0.563960
0.218535 0.239557 0.541909
0.211942 0.211942 0.576117
0.221046 0.252095 0.526859
0.576039 0.212003 0.211958
0.212507 0.214079 0.573414
0.212223 0.213000 0.574777
0.217121 0.233070 0.549808
0.212206 0.212937 0.574857
0.214479 0.221830 0.563691
0.212317 0.213358 0.574325
0.213583 0.218248 0.568169
0.214613 0.222377 0.563010
0.213131 0.216456 0.570413
0.212501 0.214055 0.573444
0.214858 0.223382 0.561760
0.212057 0.212374 0.575569
0.232456 0.363693 0.403852
0.222866 0.262196 0.514938
0.214099 0.220300 0.565600
0.250827 0.256589 0.492584
0.212134 0.212664 0.575202
0.215750 0.557142 0.227107
0.212187 0.212865 0.574948
0.218163 0.237808 0.544028
0.212551 0.214246 0.573203
0.211942 0.211942 0.576117
0.213543 0.218085 0.568372
0.212039 0.212123 0.575837
0.214662 0.222570 0.562768
0.223643 0.266354 0.510002
0.212490 0.214014 0.573495
0.212556 0.214254 0.573190
0.211989 0.212118 0.575894
0.212316 0.213350 0.574334
0.211942 0.211942 0.576117
0.211942 0.211942 0.576117
0.211942 0.211942 0.576117
0.211942 0.211942 0.576117
0.211942 0.211942 0.576117
0.215863 0.227573 0.556564
0.213666 0.218577 0.567757
0.211942 0.211942 0.576116
0.211942 0.211942 0.576117
0.212479 0.213971 0.573550
0.211942 0.211942 0.576117
0.211942 0.211943 0.576115
0.213401 0.217534 0.569064
0.212074 0.212440 0.575486
0.212388 0.213625 0.573987
0.214186 0.220649 0.565165
0.214964 0.223816 0.561220
0.211942 0.211942 0.576117
0.213805 0.219109 0.567087
0.211942 0.211942 0.576117
0.211942 0.211942 0.576117
0.215627 0.226586 0.557787
0.212004 0.212177 0.575818
0.212813 0.215250 0.571937
0.214444 0.221690 0.563867
0.212154 0.212741 0.575105
0.212032 0.212281 0.575687
0.230720 0.315382 0.453898
0.576115 0.211943 0.211942
0.213328 0.217246 0.569426
0.212066 0.212407 0.575527
0.223846 0.268080 0.508074
0.217820 0.236225 0.545955
0.216213 0.229087 0.554700
0.211942 0.211942 0.576117
0.215949 0.227951 0.556100
0.211942 0.211942 0.576117
0.217956 0.236785 0.545259
0.211942 0.211942 0.576117
0.211942 0.211942 0.576117
0.212933 0.215713 0.571354
0.220503 0.248833 0.530664
0.232471 0.364484 0.403045
0.213086 0.216303 0.570611
0.215610 0.226511 0.557879
0.227860 0.297058 0.475082
0.211942 0.211942 0.576117
0.211943 0.211942 0.576115
0.211942 0.211942 0.576117
0.211942 0.211942 0.576117
0.211942 0.211942 0.576117
0.213447 0.217713 0.568840
0.217049 0.232747 0.550204
0.216962 0.232363 0.550675
0.217684 0.235612 0.546704
0.216556 0.230551 0.552893
0.211942 0.211942 0.576117
0.226584 0.222914 0.550502
0.211942 0.211942 0.576117
0.225070 0.498956 0.275974
0.212868 0.215460 0.571673
0.215795 0.227289 0.556916
0.214273 0.220995 0.564732
0.212056 0.212369 0.575575
0.212684 0.214755 0.572561
0.212556 0.214265 0.573179
0.213359 0.217366 0.569275
0.212866 0.215453 0.571681
0.212365 0.213538 0.574098
0.212973 0.215868 0.571158
0.221501 0.215848 0.562652
0.214159 0.220519 0.565322
0.214144 0.220481 0.565375
0.211994 0.211955 0.576051
0.217180 0.233331 0.549489
0.212508 0.573469 0.214023
0.213276 0.217042 0.569682
0.212215 0.212971 0.574814
0.212113 0.212586 0.575301
0.219492 0.536340 0.244169
0.214863 0.223399 0.561738
0.212133 0.212663 0.575204
0.213786 0.219052 0.567162
0.211942 0.211942 0.576117
0.212155 0.212744 0.575101
0.212084 0.212475 0.575441
0.212779 0.215117 0.572105
0.211948 0.211964 0.576088
0.211942 0.211942 0.576117
0.212382 0.213604 0.574014
0.211942 0.211942 0.576117
0.211966 0.212033 0.576001
0.212864 0.215446 0.571690
0.220140 0.247408 0.532452
0.212505 0.214070 0.573425
0.212166 0.212786 0.575048
0.212924 0.215676 0.571400
0.575646 0.212041 0.212313
0.211942 0.211942 0.576117
0.211957 0.211998 0.576045
0.232698 0.378302 0.389000
0.211942 0.211942 0.576117
0.216008 0.228193 0.555799
0.212715 0.214873 0.572412
0.211942 0.211942 0.576117
0.211942 0.211942 0.576117
0.212126 0.212636 0.575237
0.211942 0.211942 0.576117
0.232671 0.377151 0.390178
0.212801 0.215202 0.571997
0.212533 0.214177 0.573290
0.212009 0.212195 0.575796
0.215042 0.224141 0.560817
0.218361 0.238685 0.542954
0.229808 0.316237 0.453955
0.212280 0.213217 0.574502
0.215836 0.227472 0.556691
0.213150 0.216552 0.570299
0.213725 0.218241 0.568034
0.213770 0.218988 0.567242
0.216287 0.229406 0.554307
0.211942 0.211942 0.576117
0.215308 0.224890 0.559802
0.212635 0.214565 0.572801
0.212588 0.214374 0.573038
0.211942 0.211942 0.576117
0.212228 0.213020 0.574752
0.211942 0.211942 0.576117
0.212577 0.214343 0.573080
0.215826 0.227430 0.556744
0.212302 0.213299 0.574399
0.214407 0.221538 0.564055
0.213734 0.218844 0.567422
0.232935 0.366140 0.400924
0.211964 0.212026 0.576009
0.460618 0.310137 0.229245
0.211942 0.211942 0.576117
0.218539 0.239577 0.541884
0.214477 0.221824 0.563699
0.213267 0.217010 0.569723
0.212246 0.213089 0.574664
0.232642 0.393185 0.374174
0.229187 0.309475 0.461338
0.214312 0.221156 0.564532
0.212301 0.213294 0.574405
0.225338 0.277791 0.496871
0.215940 0.227912 0.556148
0.215283 0.225140 0.559577
0.212813 0.215250 0.571936
0.212852 0.215400 0.571748
0.218067 0.237369 0.544564
0.215267 0.225076 0.559657
0.215003 0.223967 0.561029
0.213019 0.571350 0.215631
0.225181 0.276720 0.498100
0.212260 0.213141 0.574598
0.216430 0.230024 0.553546
0.211990 0.212123 0.575887
0.211942 0.211942 0.576117
0.217269 0.233733 0.548998
0.213773 0.219000 0.567226
0.212166 0.212784 0.575051
0.217298 0.233563 0.549139
0.213265 0.216999 0.569736
0.212021 0.212240 0.575739
0.214255 0.220926 0.564819
0.211965 0.212028 0.576007
0.212144 0.212704 0.575152
0.224581 0.272743 0.502676
0.467122 0.228649 0.304229
0.212641 0.214589 0.572771
0.232362 0.360181 0.407457
0.212208 0.212942 0.574851
0.212113 0.212585 0.575302
0.212639 0.214581 0.572780
0.211942 0.211942 0.576117
0.212002 0.576040 0.211958
0.214976 0.223869 0.561155
0.212787 0.215128 0.572085
0.211942 0.211942 0.576117
0.214005 0.219920 0.566074
0.214973 0.223853 0.561175
0.211942 0.211942 0.576116
0.231758 0.423533 0.344710
0.213181 0.216671 0.570148
0.213875 0.219405 0.566719
0.211942 0.211942 0.576117
0.211942 0.211942 0.576117
0.213349 0.217329 0.569322
0.212033 0.212281 0.575687
0.211942 0.211942 0.576117
0.213869 0.219380 0.566751
0.219370 0.243570 0.537060
0.212253 0.213113 0.574635
0.214029 0.220018 0.565953
0.220462 0.249010 0.530529
0.212168 0.212794 0.575037
0.214793 0.223113 0.562094
0.212282 0.213224 0.574494
0.212963 0.574823 0.212214
0.211942 0.211942 0.576117
0.211942 0.211942 0.576117
0.213652 0.218516 0.567832
0.213390 0.217489 0.569120
0.212122 0.212619 0.575259
0.217774 0.236022 0.546204
0.575996 0.212037 0.211967
0.217923 0.236702 0.545375
0.211942 0.211942 0.576117
0.230611 0.326148 0.443241
0.214452 0.221721 0.563827
0.231507 0.339731 0.428762
0.212141 0.212693 0.575166
0.211942 0.211942 0.576117
0.211942 0.211942 0.576117
0.212261 0.213146 0.574593
0.211942 0.211942 0.576117
0.211949 0.211971 0.576079
0.217059 0.554410 0.228530
0.221832 0.256217 0.521951
0.211942 0.211942 0.576117
0.213063 0.216215 0.570723
0.217062 0.232808 0.550130
0.212366 0.213540 0.574094
0.213644 0.218487 0.567869
0.213123 0.216447 0.570431
0.211942 0.211942 0.576117
0.212098 0.212527 0.575375
0.220026 0.246828 0.533146
0.218763 0.240603 0.540634
0.211966 0.212033 0.576001
0.221121 0.252492 0.526387
0.214799 0.223137 0.562064
0.211942 0.211942 0.576117
0.213132 0.216481 0.570388
0.211942 0.211942 0.576117
0.231948 0.348878 0.419175
0.222016 0.257356 0.520628
0.232064 0.416721 0.351215
0.212166 0.212784 0.575050
0.231453 0.339010 0.429537
0.217546 0.234982 0.547472
0.211942 0.211942 0.576117
0.212390 0.213632 0.573979
0.212217 0.212976 0.574807
0.213597 0.218303 0.568100
0.220156 0.247474 0.532370
0.217445 0.234526 0.548029
0.219466 0.244025 0.536509
0.212401 0.213673 0.573926
0.218305 0.238476 0.543220
0.211942 0.211942 0.576117
0.219955 0.246460 0.533585
0.225056 0.275878 0.499066
0.211942 0.211942 0.576117
0.226291 0.284583 0.489126
0.232593 0.370184 0.397222
0.212135 0.212670 0.575194
0.213334 0.217269 0.569397
0.240820 0.325396 0.433784
0.215374 0.225522 0.559104
0.211960 0.212010 0.576030
0.218442 0.239122 0.542436
0.215981 0.228089 0.555930
0.214076 0.220206 0.565718
0.212265 0.213160 0.574574
0.213312 0.217184 0.569505
0.211942 0.211942 0.576117
0.211942 0.211942 0.576117
0.211942 0.211942 0.576117
0.211942 0.211942 0.576117
0.211942 0.211942 0.576117
0.324103 0.230457 0.445441
0.211942 0.211942 0.576117
0.213122 0.216443 0.570435
0.212173 0.212811 0.575017
0.211942 0.211942 0.576117
0.213239 0.216900 0.569861
0.213240 0.216903 0.569857
0.214445 0.221696 0.563858
0.214315 0.221170 0.564514
0.212478 0.213967 0.573555
0.213942 0.218144 0.567914
0.211942 0.211942 0.576117
0.216030 0.226720 0.557250
0.211942 0.211942 0.576117
0.218316 0.238531 0.543153
0.213165 0.216611 0.570224
0.225168 0.498201 0.276631
0.213942 0.219668 0.566390
0.212922 0.215669 0.571410
0.214811 0.223138 0.562051
0.213003 0.215984 0.571013
0.212538 0.214195 0.573267
0.575575 0.212369 0.212056
0.232511 0.404892 0.362597
0.212253 0.213104 0.574643
0.217908 0.545466 0.236626
0.223529 0.266137 0.510334
0.211942 0.211942 0.576117
0.213199 0.216738 0.570063
0.213939 0.219661 0.566400
0.212569 0.214313 0.573119
0.211942 0.211942 0.576117
0.212102 0.212540 0.575358
0.214278 0.220562 0.565160
0.211942 0.211942 0.576116
0.211961 0.212013 0.576026
0.213841 0.219268 0.566892
0.216294 0.229435 0.554272
0.212731 0.214934 0.572335
0.211942 0.211942 0.576117
0.218627 0.238937 0.542436
0.211942 0.211942 0.576116
0.213473 0.217816 0.568710
0.211942 0.211942 0.576117
0.220326 0.248350 0.531325
0.215294 0.225149 0.559557
0.212674 0.214717 0.572609
0.217428 0.234447 0.548125
0.217959 0.236313 0.545728
0.213055 0.216182 0.570763
0.575856 0.212148 0.211996
0.211942 0.211942 0.576117
0.212776 0.215106 0.572117
0.213421 0.217609 0.568971
0.214633 0.222455 0.562911
0.211963 0.212022 0.576015
0.213595 0.218293 0.568112
0.223175 0.264010 0.512815
0.212129 0.212648 0.575223
0.216057 0.228415 0.555528
0.214324 0.221204 0.564472
0.211942 0.211942 0.576117
0.213647 0.218502 0.567851
0.211942 0.211942 0.576117
0.212249 0.213100 0.574651
0.213727 0.218815 0.567458
0.212732 0.214938 0.572330
0.213287 0.217085 0.569629
0.212326 0.213389 0.574285
0.228115 0.299327 0.472559
0.214835 0.223284 0.561880
0.230264 0.321654 0.448082
0.219450 0.243953 0.536597
0.213281 0.217065 0.569654
0.211942 0.211942 0.576117
0.213546 0.218104 0.568350
0.236739 0.439543 0.323718
0.212879 0.215502 0.571620
0.212292 0.213259 0.574449
0.212832 0.215324 0.571844
0.212962 0.215825 0.571213
0.213720 0.218785 0.567496
0.211942 0.211942 0.576117
0.212225 0.213009 0.574765
0.223064 0.263358 0.513578
0.211942 0.211942 0.576116
0.214209 0.220740 0.565051
0.214979 0.223878 0.561143
0.215225 0.224893 0.559882
0.214480 0.221837 0.563683
0.213297 0.217127 0.569576
0.213687 0.218660 0.567652
0.211942 0.211942 0.576117
0.457008 0.229556 0.313436
0.576038 0.211987 0.211975
0.211942 0.211942 0.576117
0.211942 0.211942 0.576117
0.211942 0.211942 0.576117
0.211942 0.211942 0.576117
0.211942 0.211942 0.576117
0.211942 0.211942 0.576117
0.213356 0.217345 0.569299
0.212354 0.213496 0.574150
0.213204 0.216761 0.570035
0.215612 0.226521 0.557867
0.212415 0.213729 0.573856
0.213378 0.217441 0.569181
0.211942 0.211942 0.576117
0.224618 0.272907 0.502475
0.219661 0.539887 0.240452
0.212541 0.214207 0.573252
0.212813 0.215249 0.571939
0.215443 0.225810 0.558747
0.213328 0.217247 0.569425
0.211942 0.211942 0.576117
0.211942 0.211942 0.576117
0.214634 0.222464 0.562902
0.212369 0.213554 0.574077
0.211942 0.211942 0.576116
0.216588 0.230714 0.552698
0.218884 0.241217 0.539898
0.212082 0.212467 0.575451
0.214445 0.221694 0.563860
0.213338 0.217285 0.569378
0.213243 0.216916 0.569841
0.226730 0.498029 0.275240
0.217897 0.236539 0.545564
0.215117 0.224438 0.560445
0.211943 0.211948 0.576109
0.215007 0.223996 0.560997
0.211942 0.211942 0.576117
0.212010 0.212198 0.575792
0.216129 0.228727 0.555144
0.215949 0.227915 0.556135
0.217937 0.236770 0.545293
0.213075 0.216263 0.570662
0.213429 0.217643 0.568928
0.213379 0.217446 0.569175
0.211942 0.211942 0.576117
0.215579 0.226383 0.558038
0.213551 0.218123 0.568326
0.212892 0.215552 0.571556
0.211942 0.211942 0.576117
0.212403 0.213681 0.573916
0.212012 0.576027 0.211960
0.226191 0.283845 0.489964
0.218954 0.241483 0.539563
0.214623 0.222293 0.563084
0.217238 0.233593 0.549169
0.564700 0.221021 0.214279
0.213168 0.216623 0.570209
0.211942 0.211942 0.576117
0.213513 0.217963 0.568524
0.211947 0.211943 0.576110
0.212084 0.212475 0.575442
0.220207 0.247747 0.532045
0.213188 0.216699 0.570113
0.213563 0.218170 0.568267
0.211947 0.211961 0.576093
0.219642 0.244914 0.535444
0.213620 0.218394 0.567986
0.212574 0.214332 0.573094
0.212894 0.215561 0.571545
0.213800 0.219098 0.567102
0.211942 0.211942 0.576117
0.211942 0.211942 0.576117
0.212731 0.214934 0.572335
0.211942 0.211944 0.576114
0.576112 0.211945 0.211943
0.211956 0.211997 0.576047
0.211942 0.211942 0.576117
0.211943 0.211942 0.576115
0.211942 0.211942 0.576117
0.211942 0.211942 0.576117
0.211942 0.211942 0.576117
0.215957 0.227988 0.556055
0.212704 0.214829 0.572467
0.211942 0.211942 0.576117
0.214813 0.223194 0.561993
0.216541 0.230508 0.552951
0.214046 0.220083 0.565872
0.223024 0.262786 0.514190
0.216544 0.230522 0.552934
0.219218 0.242833 0.537948
0.224749 0.273729 0.501523
0.211942 0.211942 0.576117
0.214082 0.220228 0.565690
0.215634 0.226614 0.557752
0.576105 0.211951 0.211944
0.211942 0.211942 0.576117
0.212666 0.214684 0.572650
0.212608 0.213604 0.573788
0.212605 0.214451 0.572944
0.228574 0.303480 0.467946
0.213205 0.216768 0.570026
0.211942 0.211942 0.576117
0.213273 0.569701 0.217026
0.211951 0.211975 0.576074
0.212624 0.214519 0.572858
0.281572 0.453808 0.264621
0.211942 0.211942 0.576117
0.211942 0.211942 0.576117
0.212770 0.215086 0.572144
0.212457 0.213885 0.573658
0.212930 0.215701 0.571369
0.212665 0.214669 0.572666
0.219810 0.245748 0.534442
0.215205 0.224818 0.559977
0.214504 0.221934 0.563562
0.214169 0.220580 0.565251
0.214294 0.221082 0.564625
0.212456 0.212079 0.575466
0.214352 0.221317 0.564331
0.211942 0.211942 0.576117
0.211942 0.211942 0.576117
0.213982 0.219831 0.566187
0.212650 0.214624 0.572725
0.211978 0.212076 0.575946
0.214209 0.220739 0.565052
0.228415 0.301870 0.469715
0.212562 0.214288 0.573150
0.232311 0.409044 0.358645
0.211942 0.211942 0.576117
0.211959 0.212008 0.576033
0.212154 0.212740 0.575106
0.217386 0.234259 0.548355
0.211942 0.211942 0.576117
0.211942 0.211944 0.576113
0.574510 0.213211 0.212279
0.233600 0.313321 0.453079
0.212528 0.214160 0.573312
0.211942 0.211942 0.576117
0.211942 0.211942 0.576117
0.213769 0.218982 0.567249
0.213598 0.218308 0.568093
0.214096 0.220283 0.565621
0.212127 0.212638 0.575234
0.212045 0.212331 0.575623
0.212694 0.214791 0.572516
0.213130 0.216473 0.570397
0.215406 0.225657 0.558937
0.213314 0.217176 0.569510
0.212734 0.214948 0.572318
0.211942 0.211942 0.576117
0.222898 0.262377 0.514726
0.214804 0.223158 0.562039
0.214155 0.220519 0.565326
0.213077 0.216270 0.570652
0.214798 0.223133 0.562069
0.217644 0.235427 0.546929
0.214513 0.221967 0.563520
0.211942 0.211942 0.576116
0.211975 0.212068 0.575957
0.214542 0.222089 0.563369
0.211944 0.211950 0.576106
0.232722 0.379671 0.387607
0.220476 0.249123 0.530400
0.212216 0.212973 0.574811
0.213551 0.218122 0.568328
0.214002 0.219911 0.566087
0.212614 0.214487 0.572899
0.211994 0.212137 0.575869
0.575334 0.212557 0.212109
0.211942 0.211942 0.576117
0.211943 0.211942 0.576116
0.211942 0.211942 0.576117
0.211942 0.211942 0.576117
0.215772 0.227190 0.557037
0.215409 0.225670 0.558921
0.217514 0.234837 0.547649
0.229617 0.298411 0.471972
0.211942 0.211942 0.576117
0.211942 0.211942 0.576117
0.213315 0.217195 0.569490
0.213264 0.216997 0.569738
0.216524 0.230438 0.553038
0.214715 0.222790 0.562495
0.211946 0.211958 0.576096
0.212269 0.213165 0.574566
0.212299 0.213289 0.574411
0.224384 0.271469 0.504147
0.217155 0.233058 0.549787
0.213327 0.217242 0.569432
0.213505 0.217940 0.568556
0.211959 0.212009 0.576032
0.212951 0.215343 0.571706
0.212837 0.215334 0.571830
0.211942 0.211942 0.576117
0.215168 0.224662 0.560170
0.218530 0.239506 0.541964
0.212629 0.214542 0.572829
0.212855 0.574961 0.212185
0.212219 0.212954 0.574826
0.211951 0.211978 0.576071
0.228718 0.304894 0.466387
0.213519 0.217996 0.568485
0.214331 0.221232 0.564438
0.213508 0.217954 0.568537
0.221745 0.214461 0.563794
0.212587 0.214385 0.573028
0.215664 0.225788 0.558548
0.212566 0.214302 0.573132
0.212108 0.212566 0.575327
0.215524 0.226149 0.558327
0.212490 0.214014 0.573496
0.212070 0.211976 0.575955
0.216204 0.229047 0.554749
0.212596 0.214417 0.572987
0.211946 0.211958 0.576095
0.211942 0.211942 0.576117
0.216498 0.230287 0.553215
0.221117 0.252448 0.526435
0.212426 0.213770 0.573804
0.219142 0.242460 0.538398
0.217741 0.235865 0.546394
0.225094 0.276054 0.498852
0.222004 0.522946 0.255051
0.230338 0.299959 0.469702
0.212155 0.212744 0.575100
0.213107 0.216370 0.570524
0.227023 0.486167 0.286810
0.212068 0.212416 0.575515
0.218256 0.238221 0.543523
0.219351 0.243452 0.537197
0.219649 0.244945 0.535406
0.217214 0.233486 0.549299
0.211942 0.211942 0.576116
0.213950 0.219704 0.566346
0.211942 0.211942 0.576116
0.211942 0.211942 0.576117
0.222247 0.214731 0.563022
0.232635 0.373611 0.393754
0.211942 0.211942 0.576117
0.211991 0.212126 0.575883
0.211942 0.211942 0.576117
0.211942 0.211942 0.576117
0.211987 0.212112 0.575901
0.211942 0.211942 0.576116
0.215937 0.227896 0.556167
0.212453 0.213872 0.573675
0.211942 0.211942 0.576117
0.212978 0.215887 0.571135
0.211942 0.211942 0.576117
0.213443 0.217698 0.568859
0.212134 0.212665 0.575201
0.216109 0.228528 0.555363
0.211942 0.211942 0.576117
0.211993 0.212134 0.575873
0.220852 0.251034 0.528114
0.211943 0.211949 0.576108
0.212391 0.213638 0.573971
0.213164 0.216608 0.570228
0.211942 0.211942 0.576117
0.211942 0.211942 0.576117
0.212160 0.212763 0.575077
0.214987 0.223914 0.561099
0.212640 0.214586 0.572774
0.211942 0.211942 0.576117
0.211954 0.211946 0.576100
0.220385 0.530963 0.248652
0.211944 0.211950 0.576106
0.503447 0.272075 0.224478
0.220435 0.530981 0.248584
0.212195 0.212896 0.574909
0.212014 0.212214 0.575772
0.215593 0.226443 0.557963
0.220048 0.246834 0.533118
0.212717 0.214534 0.572749
0.211984 0.212101 0.575915
0.232749 0.379906 0.387346
0.211986 0.212107 0.575908
0.212402 0.213678 0.573920
0.214736 0.222881 0.562383
0.576040 0.212001 0.211959
0.216485 0.230266 0.553249
0.212420 0.213745 0.573835
0.211942 0.211942 0.576117
0.211942 0.211942 0.576117
0.214971 0.223847 0.561181
0.216267 0.229322 0.554411
0.534564 0.219790 0.245646
0.211942 0.211942 0.576117
0.216671 0.231077 0.552253
0.215863 0.227585 0.556552
0.212017 0.212226 0.575757
0.576048 0.211996 0.211956
0.232662 0.391223 0.376115
0.227385 0.287185 0.485430
0.215584 0.226398 0.558018
0.220240 0.247915 0.531845
0.211942 0.211942 0.576117
0.211942 0.211942 0.576116
0.219208 0.242782 0.538010
0.215016 0.224022 0.560963
0.212023 0.212249 0.575728
0.225493 0.278861 0.495646
0.211942 0.211942 0.576117
0.212170 0.212800 0.575030
0.212455 0.213880 0.573664
0.211998 0.212154 0.575848
0.216612 0.230819 0.552569
0.212182 0.212844 0.574975
0.212710 0.214855 0.572435
0.211942 0.211942 0.576117
0.211942 0.211942 0.576117
0.218322 0.238518 0.543161
0.212955 0.215796 0.571250
0.212245 0.213083 0.574672
0.212429 0.213780 0.573792
0.211958 0.212004 0.576038
0.220660 0.250074 0.529266
0.211952 0.211944 0.576103
0.211942 0.211942 0.576117
0.212105 0.212555 0.575340
0.211996 0.212146 0.575858
0.220119 0.247302 0.532579
0.216641 0.230947 0.552412
0.212086 0.212482 0.575432
0.211942 0.211942 0.576117
0.215049 0.224157 0.560793
0.576117 0.211942 0.211942
0.211942 0.211942 0.576117
0.213590 0.218274 0.568136
0.216696 0.231186 0.552118
0.230829 0.329180 0.439990
0.213669 0.212400 0.573932
0.212760 0.215044 0.572196
0.212050 0.212350 0.575600
0.216406 0.229922 0.553672
0.212865 0.215371 0.571764
0.211942 0.211942 0.576117
0.212789 0.215156 0.572055
0.215589 0.226340 0.558071
0.211942 0.211942 0.576117
0.214032 0.220031 0.565937
0.225968 0.280247 0.493785
0.221588 0.255005 0.523407
0.213439 0.217643 0.568917
0.212460 0.213900 0.573640
0.220140 0.247404 0.532456
0.211942 0.211942 0.576117
0.211945 0.211943 0.576112
0.211942 0.211942 0.576117
0.211942 0.211942 0.576117
0.213602 0.574016 0.212382
0.211953 0.211985 0.576061
0.212021 0.212240 0.575739
0.218250 0.238198 0.543552
0.214859 0.572429 0.212711
0.575390 0.212516 0.212094
0.211942 0.211942 0.576117
0.211942 0.211942 0.576117
0.212030 0.212272 0.575699
0.211942 0.211942 0.576117
0.218837 0.240991 0.540172
0.212804 0.215215 0.571981
0.212041 0.212313 0.575646
0.212328 0.213396 0.574276
0.212551 0.214245 0.573204
0.212869 0.215466 0.571665
0.211942 0.211942 0.576117
0.224849 0.274496 0.500655
0.331691 0.376718 0.291591
0.212419 0.574643 0.212938
0.212212 0.212960 0.574827
0.211942 0.211942 0.576117
0.212172 0.212808 0.575020
0.211942 0.211942 0.576117
0.213251 0.216946 0.569804
0.213002 0.215975 0.571023
0.576086 0.211966 0.211948
0.213631 0.218433 0.567936
0.229707 0.315098 0.455195
0.221581 0.254966 0.523453
0.212434 0.213800 0.573766
0.211942 0.211942 0.576117
0.215509 0.226088 0.558403
0.215044 0.223938 0.561018
0.232129 0.334297 0.433575
0.215376 0.225528 0.559096
0.211942 0.211942 0.576117
0.212610 0.214471 0.572919
0.574802 0.212390 0.212808
0.213071 0.216245 0.570684
0.213666 0.218576 0.567757
0.212754 0.215022 0.572224
0.225053 0.508540 0.266407
0.211942 0.211942 0.576117
0.211942 0.211942 0.576117
0.211946 0.576108 0.211946
0.211942 0.211942 0.576117
0.212130 0.212650 0.575220
0.222862 0.262157 0.514980
0.211983 0.212098 0.575919
0.212157 0.212751 0.575093
0.211942 0.211942 0.576117
0.213729 0.218826 0.567445
0.211959 0.212007 0.576034
0.211947 0.211961 0.576092
0.221452 0.254266 0.524282
0.212112 0.212582 0.575305
0.211942 0.211942 0.576117
0.211942 0.211942 0.576117
0.223382 0.238044 0.538575
0.211942 0.211942 0.576117
0.218754 0.240593 0.540653
0.211942 0.211942 0.576117
0.214101 0.220307 0.565592
0.211960 0.212011 0.576029
0.211942 0.211942 0.576117
0.212146 0.212711 0.575143
0.229011 0.307758 0.463231
0.214071 0.220187 0.565742
0.211942 0.211942 0.576117
0.213270 0.217020 0.569710
0.212005 0.212178 0.575817
0.234372 0.318282 0.447346
0.214457 0.221221 0.564322
0.212055 0.212369 0.575576
0.211942 0.211942 0.576117
0.220658 0.250061 0.529281
0.213154 0.216570 0.570276
0.214939 0.223715 0.561346
0.212104 0.212551 0.575345
0.212440 0.213807 0.573753
0.211962 0.212018 0.576020
0.211942 0.211942 0.576116
0.211942 0.211942 0.576117
0.211942 0.211942 0.576117
0.212461 0.213903 0.573636
0.212194 0.212891 0.574915
0.211942 0.211942 0.576117
0.212007 0.212187 0.575805
0.227689 0.295634 0.476677
0.261245 0.297399 0.441355
0.211942 0.211943 0.576116
0.220881 0.251228 0.527891
0.212064 0.212400 0.575536
0.213307 0.217165 0.569528
0.214062 0.220151 0.565787
0.216748 0.231416 0.551837
0.212691 0.214781 0.572528
0.212832 0.215325 0.571843
0.214606 0.222347 0.563047
0.213360 0.217372 0.569268
0.219474 0.244079 0.536447
0.215769 0.227185 0.557046
0.212174 0.212814 0.575013
0.212040 0.212311 0.575648
0.212003 0.212172 0.575825
0.215144 0.224562 0.560295
0.211942 0.211942 0.576117
0.214355 0.221328 0.564317
0.211942 0.211942 0.576117
0.214610 0.222365 0.563026
0.214452 0.221721 0.563827
0.212334 0.213421 0.574245
0.211942 0.211942 0.576117
0.211942 0.211942 0.576117
0.211942 0.211942 0.576116
0.214269 0.220984 0.564747
0.212994 0.215946 0.571060
0.212380 0.213591 0.574029
0.212560 0.214281 0.573159
0.213368 0.217403 0.569229
0.213806 0.219132 0.567062
0.213227 0.216842 0.569932
0.215996 0.228155 0.555848
0.211947 0.211962 0.576091
0.216312 0.229513 0.554175
0.214523 0.222012 0.563465
0.211942 0.211942 0.576117
0.213774 0.218998 0.567229
0.213707 0.218738 0.567555
0.211944 0.211952 0.576104
0.213420 0.217607 0.568973
0.213805 0.219124 0.567071
0.220363 0.214120 0.565517
0.211942 0.211942 0.576117
0.211953 0.211984 0.576064
0.211942 0.211942 0.576117
0.212360 0.213519 0.574121
0.214122 0.220392 0.565486
0.217253 0.233659 0.549089
0.213858 0.219337 0.566805
0.211942 0.211942 0.576117
0.211950 0.211972 0.576079
0.212474 0.213953 0.573573
0.218302 0.238465 0.543233
0.212015 0.212217 0.575768
0.212100 0.212536 0.575365
0.212134 0.212666 0.575200
0.211942 0.211942 0.576117
0.217480 0.234683 0.547837
0.211942 0.211942 0.576117
0.212132 0.212657 0.575211
0.212109 0.212572 0.575319
0.211942 0.211943 0.576115
0.216338 0.229629 0.554033
0.213912 0.219550 0.566539
0.211942 0.211942 0.576117
0.215279 0.225125 0.559597
0.212264 0.213153 0.574584
0.219614 0.244775 0.535610
0.211942 0.211942 0.576117
0.211942 0.211942 0.576117
0.212565 0.214298 0.573138
0.212209 0.212948 0.574843
0.212347 0.213470 0.574183
0.213230 0.216864 0.569906
0.211942 0.211942 0.576117
0.211942 0.211942 0.576117
0.211942 0.211944 0.576114
0.214045 0.220035 0.565920
0.213605 0.218327 0.568068
0.211942 0.211942 0.576117
0.213571 0.218202 0.568227
0.212310 0.213329 0.574360
0.211942 0.211942 0.576117
0.217084 0.232906 0.550010
0.211942 0.211942 0.576117
0.260691 0.234972 0.504337
0.211943 0.576115 0.211942
0.212961 0.215820 0.571219
0.212463 0.213911 0.573626
0.215058 0.224206 0.560737
0.212234 0.213042 0.574723
0.216309 0.229494 0.554198
0.226828 0.272182 0.500991
0.212025 0.212256 0.575718
0.220894 0.251296 0.527810
0.214296 0.221091 0.564614
0.211942 0.211942 0.576117
0.211942 0.211942 0.576117
0.212380 0.213594 0.574027
0.211942 0.211942 0.576117
0.212486 0.213999 0.573515
0.214652 0.222538 0.562809
0.211955 0.211992 0.576053
0.214873 0.223440 0.561687
0.211942 0.211942 0.576117
0.215012 0.224014 0.560975
0.516127 0.240401 0.243472
0.212723 0.214905 0.572372
0.218565 0.239700 0.541735
0.213251 0.212292 0.574457
0.211942 0.211942 0.576117
0.212124 0.212628 0.575248
0.211942 0.211942 0.576117
0.232542 0.399695 0.367763
0.214442 0.221682 0.563876
0.213993 0.219873 0.566134
0.224406 0.271110 0.504484
0.213719 0.218784 0.567498
0.220354 0.248494 0.531152
0.223016 0.263051 0.513932
0.214924 0.223653 0.561423
0.211942 0.211942 0.576117
0.211998 0.212153 0.575849
0.211942 0.211942 0.576117
0.211942 0.211942 0.576117
0.212081 0.212464 0.575455
0.211982 0.212094 0.575924
0.211943 0.211946 0.576112
0.212004 0.212175 0.575821
0.214294 0.221083 0.564623
0.211962 0.212018 0.576020
0.212307 0.213319 0.574374
0.216426 0.229999 0.553575
0.214913 0.223602 0.561486
0.212991 0.215937 0.571072
0.213830 0.219126 0.567044
0.211947 0.211960 0.576093
0.218135 0.237686 0.544180
0.213013 0.570964 0.216023
0.232731 0.376443 0.390826
0.211942 0.211945 0.576113
0.215273 0.225100 0.559627
0.213270 0.217019 0.569711
0.212040 0.212310 0.575650
0.212604 0.214449 0.572947
0.212064 0.212401 0.575535
0.212153 0.212737 0.575110
0.211949 0.211971 0.576080
0.213689 0.218667 0.567643
0.216157 0.228768 0.555075
0.214337 0.221256 0.564407
0.213770 0.218988 0.567242
0.213225 0.216847 0.569928
0.221947 0.256976 0.521077
0.223635 0.247704 0.528661
0.212225 0.574769 0.213007
0.213718 0.218780 0.567502
0.211942 0.211942 0.576117
0.228640 0.304142 0.467218
0.211942 0.211942 0.576117
0.212576 0.214340 0.573085
0.213747 0.218894 0.567359
0.212434 0.213801 0.573765
0.211942 0.211942 0.576117
0.211942 0.211942 0.576117
0.211942 0.211942 0.576117
0.222087 0.559322 0.218591
0.213656 0.218536 0.567808
0.212926 0.215686 0.571388
0.213010 0.216009 0.570982
0.218215 0.238054 0.543731
0.220485 0.249165 0.530351
0.212881 0.215512 0.571607
0.214431 0.221637 0.563933
0.212028 0.212265 0.575708
0.230529 0.445691 0.323780
0.222737 0.261019 0.516244
0.214800 0.223143 0.562057
0.212120 0.212610 0.575270
0.212030 0.212273 0.575697
0.228636 0.467259 0.304105
0.215729 0.227018 0.557253
0.212628 0.214541 0.572831
0.211942 0.211942 0.576117
0.213479 0.217838 0.568682
0.213058 0.216193 0.570749
0.259180 0.343919 0.396901
0.211942 0.211942 0.576116
0.212541 0.214208 0.573251
0.214677 0.222603 0.562720
0.221878 0.256567 0.521555
0.213664 0.218566 0.567771
0.212361 0.213523 0.574116
0.212307 0.213319 0.574374
0.313000 0.457469 0.229532
0.212027 0.212262 0.575711
0.213427 0.217633 0.568940
0.211962 0.212018 0.576020
0.211942 0.211942 0.576117
0.211942 0.211942 0.576117
0.212007 0.576034 0.211959
0.216567 0.230622 0.552811
0.213612 0.218362 0.568026
0.212205 0.212932 0.574863
0.212089 0.212496 0.575415
0.224987 0.275419 0.499593
0.211955 0.211992 0.576053
0.212688 0.214768 0.572544
0.212029 0.212268 0.575704
0.212088 0.212491 0.575421
0.211942 0.211942 0.576116
0.211942 0.211942 0.576117
0.212098 0.575373 0.212529
0.213288 0.217091 0.569621
0.211950 0.576106 0.211944
0.221406 0.527960 0.250634
0.225302 0.277543 0.497155
0.218079 0.237424 0.544497
0.214936 0.223638 0.561426
0.211942 0.211942 0.576117
0.211979 0.212080 0.575941
0.213041 0.216130 0.570829
0.212383 0.213606 0.574010
0.211942 0.211942 0.576117
0.211947 0.211960 0.576093
0.211942 0.211942 0.576117
0.217961 0.231726 0.550313
0.211942 0.211942 0.576117
0.213052 0.216174 0.570773
0.212108 0.212567 0.575325
0.214043 0.219161 0.566796
0.214604 0.222343 0.563053
0.214796 0.223119 0.562085
0.214172 0.220593 0.565235
0.212183 0.212849 0.574968
0.212821 0.215240 0.571939
0.212716 0.214876 0.572408
0.212876 0.215491 0.571633
0.212674 0.214715 0.572611
0.211944 0.211952 0.576104
0.211956 0.211995 0.576049
0.212021 0.211963 0.576016
0.214230 0.220825 0.564946
0.212038 0.212305 0.575657
0.214004 0.219920 0.566076
0.212260 0.213138 0.574602
0.212816 0.215261 0.571923
0.226359 0.256125 0.517516
0.216671 0.231079 0.552250
0.213692 0.218673 0.567635
0.211989 0.212118 0.575893
0.211944 0.211950 0.576106
0.211947 0.211962 0.576091
0.211942 0.211942 0.576117
0.213479 0.217838 0.568683
0.213610 0.218343 0.568047
0.212336 0.213430 0.574234
0.211967 0.212035 0.575998
0.216824 0.231750 0.551426
0.211942 0.211942 0.576117
0.211942 0.211942 0.576117
0.212144 0.212702 0.575154
0.213994 0.219803 0.566203
0.211942 0.211942 0.576117
0.214879 0.223466 0.561655
0.212528 0.214159 0.573312
0.214347 0.221289 0.564363
0.216136 0.228751 0.555113
0.211942 0.211942 0.576117
0.212597 0.214421 0.572982
0.211948 0.211965 0.576087
0.212029 0.211965 0.576006
0.213772 0.212428 0.573800
0.212541 0.214207 0.573252
0.213017 0.216035 0.570948
0.212616 0.214493 0.572891
0.213144 0.216529 0.570327
0.211942 0.211942 0.576117
0.211942 0.211942 0.576117
0.224195 0.270264 0.505541
0.211985 0.212103 0.575913
0.215937 0.227901 0.556162
0.214533 0.212629 0.572838
0.211944 0.211950 0.576106
0.211986 0.212109 0.575905
0.212706 0.214839 0.572455
0.211953 0.576063 0.211984
0.212356 0.213505 0.574139
0.214490 0.221878 0.563631
0.212808 0.215228 0.571964
0.220058 0.246992 0.532950
0.213624 0.218409 0.567967
0.212316 0.213351 0.574333
0.230978 0.330108 0.438914
0.211962 0.576091 0.211947
0.212596 0.214415 0.572989
0.213385 0.217466 0.569149
0.232586 0.364909 0.402505
0.211942 0.211942 0.576117
0.211942 0.211942 0.576117
0.215834 0.227464 0.556702
0.214343 0.221283 0.564374
0.212042 0.212319 0.575639
0.214591 0.222286 0.563123
0.217353 0.234107 0.548541
0.211949 0.211969 0.576082
0.213040 0.216126 0.570834
0.219017 0.241742 0.539240
0.216260 0.229174 0.554566
0.214357 0.220579 0.565064
0.213307 0.217164 0.569529
0.214638 0.222478 0.562884
0.241123 0.231688 0.527189
0.212431 0.213787 0.573782
0.214610 0.222203 0.563187
0.212548 0.214225 0.573227
0.222343 0.259190 0.518468
0.214655 0.222545 0.562799
0.214994 0.223939 0.561067
0.212240 0.213063 0.574697
0.211942 0.211942 0.576117
0.212311 0.213332 0.574357
0.212101 0.212541 0.575358
0.212997 0.215958 0.571045
0.211958 0.212002 0.576040
0.358504 0.409190 0.232307
0.211942 0.211942 0.576117
0.212082 0.212109 0.575809
0.213163 0.216570 0.570268
0.213114 0.570473 0.216413
0.212686 0.214763 0.572550
0.212058 0.212377 0.575565
0.212722 0.214901 0.572377
0.218037 0.237209 0.544753
0.212887 0.215533 0.571581
0.212157 0.212752 0.575090
0.211970 0.212050 0.575980
0.575317 0.212573 0.212110
0.212750 0.215005 0.572245
0.215387 0.225577 0.559036
0.212799 0.215196 0.572005
0.213922 0.219590 0.566488
0.212020 0.212235 0.575745
0.212121 0.212614 0.575265
0.217278 0.233770 0.548953
0.224434 0.271790 0.503776
0.211984 0.576046 0.211969
0.214557 0.222148 0.563295
0.211968 0.212040 0.575992
0.213600 0.218113 0.568287
0.218668 0.240187 0.541145
0.213025 0.216066 0.570909
0.211948 0.211967 0.576085
0.517934 0.259644 0.222423
0.231669 0.342718 0.425613
0.211968 0.211949 0.576083
0.215501 0.226055 0.558443
0.211943 0.211947 0.576110
0.211942 0.211942 0.576117
0.211942 0.211942 0.576117
0.211964 0.212024 0.576012
0.211970 0.212048 0.575981
0.211942 0.211942 0.576117
0.219252 0.242996 0.537752
0.217186 0.233359 0.549455
0.211942 0.211942 0.576117
0.221090 0.564615 0.214296
0.221620 0.255173 0.523206
0.225277 0.277360 0.497363
0.211942 0.211942 0.576117
0.213813 0.219157 0.567030
0.217652 0.235383 0.546965
0.233219 0.375940 0.390841
0.212471 0.213942 0.573587
0.215487 0.225993 0.558520
0.213162 0.216599 0.570239
0.214044 0.565876 0.220080
0.212795 0.215179 0.572026
0.214550 0.222120 0.563330
0.212991 0.215935 0.571074
0.211947 0.211963 0.576089
0.215007 0.223994 0.560999
0.214021 0.219890 0.566089
0.234670 0.357021 0.408309
0.220318 0.538139 0.241543
0.216523 0.230430 0.553047
0.214448 0.563956 0.221596
0.212418 0.213737 0.573846
0.339133 0.231460 0.429407
0.212326 0.213389 0.574285
0.222145 0.258077 0.519778
0.219062 0.242076 0.538862
0.213293 0.216950 0.569757
0.212400 0.213672 0.573928
0.211942 0.211942 0.576117
0.214871 0.223424 0.561705
0.212088 0.575421 0.212491
0.216505 0.553147 0.230348
0.213303 0.217151 0.569546
0.212205 0.212934 0.574860
0.215224 0.224894 0.559883
0.212503 0.214064 0.573433
0.224230 0.505284 0.270486
0.211957 0.211947 0.576096
0.218824 0.240927 0.540249
0.211981 0.212091 0.575928
0.212178 0.212830 0.574992
0.212106 0.212561 0.575333
0.214433 0.221635 0.563932
0.211951 0.211944 0.576105
0.213484 0.217859 0.568657
0.212772 0.215094 0.572134
0.211942 0.211942 0.576117
0.211942 0.211942 0.576117
0.214334 0.221243 0.564423
0.217856 0.236398 0.545746
0.211942 0.211942 0.576117
0.211942 0.211942 0.576117
0.211942 0.211942 0.576117
0.212806 0.215223 0.571971
0.212762 0.215043 0.572194
0.212744 0.214984 0.572272
0.214287 0.221056 0.564656
0.214280 0.221026 0.564694
0.223054 0.513645 0.263301
0.213562 0.218167 0.568270
0.213580 0.218230 0.568190
0.212704 0.214831 0.572465
0.213141 0.216517 0.570342
0.214851 0.223351 0.561798
0.213201 0.216751 0.570048
0.211942 0.211942 0.576116
0.213887 0.219452 0.566661
0.211944 0.211950 0.576106
0.212785 0.215143 0.572071
0.213927 0.219610 0.566463
0.212740 0.214912 0.572348
0.211942 0.211942 0.576117
0.213515 0.217980 0.568505
0.212085 0.212479 0.575436
0.223065 0.514560 0.262375
0.212055 0.211972 0.575972
0.212605 0.214453 0.572941
0.219659 0.244998 0.535343
0.211942 0.211942 0.576117
0.212382 0.213601 0.574017
0.214571 0.572793 0.212636
0.211942 0.211943 0.576115
0.211971 0.212053 0.575976
0.211942 0.211942 0.576117
0.211985 0.212103 0.575913
0.212100 0.212537 0.575363
0.221563 0.254865 0.523572
0.213063 0.216216 0.570721
0.211953 0.211984 0.576064
0.211943 0.211947 0.576110
0.211942 0.211942 0.576117
0.211942 0.211942 0.576117
0.211942 0.211942 0.576117
0.211942 0.211943 0.576116
0.212011 0.212201 0.575789
0.229968 0.318084 0.451947
0.212401 0.213676 0.573923
0.225195 0.497988 0.276816
0.216598 0.230759 0.552642
0.213767 0.218974 0.567260
0.211942 0.211942 0.576117
0.211942 0.211942 0.576117
0.211942 0.211942 0.576117
0.221721 0.255715 0.522564
0.232729 0.377685 0.389587
0.211942 0.211942 0.576117
0.211942 0.211942 0.576116
0.211942 0.211942 0.576117
0.211942 0.211942 0.576117
0.212802 0.215208 0.571990
0.225536 0.495301 0.279163
0.230717 0.312877 0.456406
0.214485 0.221854 0.563661
0.224602 0.272875 0.502523
0.211951 0.211945 0.576104
0.216784 0.231570 0.551645
0.211951 0.576073 0.211976
0.212934 0.215716 0.571350
0.212558 0.214271 0.573172
0.211942 0.211942 0.576117
0.211942 0.211942 0.576117
0.215591 0.226433 0.557977
0.211990 0.575889 0.212121
0.220867 0.251154 0.527978
0.217530 0.234906 0.547564
0.211944 0.211950 0.576107
0.213688 0.218663 0.567649
0.214391 0.564166 0.221443
0.214055 0.220125 0.565820
0.212546 0.214225 0.573229
0.213026 0.216072 0.570902
0.212604 0.214447 0.572949
0.212208 0.212942 0.574850
0.212528 0.214159 0.573312
0.212934 0.215715 0.571351
0.228611 0.235789 0.535600
0.212377 0.213581 0.574042
0.211942 0.211942 0.576116
0.217836 0.236229 0.545936
0.214230 0.220825 0.564946
0.212197 0.212900 0.574903
0.212790 0.215162 0.572048
0.212221 0.212994 0.574784
0.214179 0.220621 0.565199
0.212169 0.212797 0.575033
0.213511 0.217963 0.568526
0.223773 0.267314 0.508913
0.211980 0.212084 0.575936
0.214815 0.223206 0.561979
0.212362 0.213526 0.574112
0.215765 0.227168 0.557067
0.216542 0.230510 0.552948
0.213829 0.219222 0.566949
0.213631 0.218439 0.567930
0.216882 0.232009 0.551109
0.212938 0.215730 0.571333
0.211943 0.211947 0.576110
0.576117 0.211942 0.211942
0.211942 0.211942 0.576117
0.212107 0.212561 0.575332
0.211942 0.211942 0.576117
0.212677 0.214726 0.572597
0.213291 0.217103 0.569605
0.211942 0.211942 0.576117
0.214316 0.221174 0.564509
0.211947 0.211961 0.576092
0.225641 0.494576 0.279783
0.211967 0.575997 0.212036
0.215478 0.225958 0.558564
0.212884 0.215524 0.571592
0.211946 0.211957 0.576098
0.223118 0.263675 0.513208
0.214710 0.222773 0.562517
0.212413 0.213720 0.573866
0.211942 0.211942 0.576117
0.211942 0.211942 0.576117
0.212900 0.215583 0.571517
0.211944 0.211952 0.576104
0.213090 0.570773 0.216137
0.211945 0.211956 0.576099
0.211942 0.211942 0.576117
0.213462 0.217772 0.568766
0.575687 0.212032 0.212280
0.212013 0.212208 0.575780
0.214027 0.220010 0.565963
0.212955 0.215798 0.571247
0.215046 0.224154 0.560800
0.211982 0.212092 0.575927
0.212137 0.212675 0.575188
0.211942 0.211942 0.576117
0.213568 0.218187 0.568246
0.214871 0.223430 0.561699
0.211981 0.212089 0.575930
0.212104 0.212550 0.575346
0.211993 0.211955 0.576052
0.211985 0.212105 0.575910
0.211942 0.211942 0.576117
0.213668 0.572755 0.213577
0.212571 0.214322 0.573107
0.211942 0.211942 0.576117
0.213523 0.218011 0.568466
0.224292 0.270881 0.504827
0.216067 0.558723 0.225210
0.211942 0.211942 0.576117
0.212662 0.214665 0.572673
0.212064 0.211974 0.575962
0.212148 0.212719 0.575133
0.212629 0.214545 0.572825
0.214809 0.223180 0.562011
0.212645 0.214606 0.572749
0.211942 0.211942 0.576117
0.223766 0.267579 0.508655
0.223105 0.263599 0.513296
0.211942 0.211942 0.576117
0.211951 0.211978 0.576071
0.212715 0.214874 0.572410
0.211942 0.211942 0.576117
0.211946 0.211959 0.576094
0.212068 0.212415 0.575517
0.212866 0.215454 0.571680
0.213060 0.216204 0.570735
0.212633 0.214151 0.573216
0.212022 0.212242 0.575736
0.575919 0.212098 0.211983
0.215502 0.226058 0.558440
0.211944 0.211943 0.576112
0.212065 0.212407 0.575528
0.214310 0.221149 0.564541
0.218220 0.238078 0.543702
0.215842 0.227480 0.556678
0.211955 0.211992 0.576053
0.221233 0.253087 0.525680
0.227878 0.294855 0.477267
0.225539 0.279099 0.495363
0.212688 0.214769 0.572543
0.214866 0.223351 0.561782
0.230319 0.321897 0.447784
0.220745 0.250508 0.528748
0.212289 0.213246 0.574465
0.211942 0.211942 0.576117
0.227090 0.482891 0.290018
0.217453 0.234550 0.547997
0.212108 0.212567 0.575325
0.218513 0.239446 0.542041
0.218582 0.239781 0.541637
0.212876 0.215494 0.571630
0.214693 0.222706 0.562601
0.215632 0.226608 0.557760
0.212268 0.213169 0.574564
0.215992 0.217762 0.566246
0.211944 0.211949 0.576107
0.212215 0.212969 0.574816
0.211944 0.211949 0.576107
0.211961 0.576093 0.211947
0.211943 0.211948 0.576108
0.214388 0.221463 0.564149
0.212235 0.213044 0.574722
0.212355 0.213501 0.574144
0.575387 0.212518 0.212095
0.212741 0.214973 0.572286
0.211942 0.211942 0.576117
0.211942 0.211942 0.576117
0.211942 0.211942 0.576117
0.211942 0.211942 0.576117
0.212586 0.214380 0.573033
0.212092 0.212506 0.575402
0.211947 0.576110 0.211943
0.212079 0.212456 0.575465
0.213815 0.219167 0.567018
0.212251 0.213047 0.574702
0.211942 0.211942 0.576117
0.211942 0.211942 0.576117
0.211942 0.211943 0.576115
0.211942 0.211942 0.576117
0.211942 0.211942 0.576117
0.211945 0.211953 0.576103
0.217150 0.233199 0.549651
0.211960 0.212013 0.576027
0.213135 0.216494 0.570372
0.211943 0.576115 0.211942
0.211942 0.211942 0.576117
0.211942 0.211942 0.576116
0.211957 0.211999 0.576045
0.211942 0.211942 0.576117
0.213867 0.219374 0.566759
0.211942 0.211942 0.576117
0.212606 0.214457 0.572936
0.212450 0.213861 0.573689
0.212749 0.215005 0.572246
0.211961 0.212014 0.576025
0.212045 0.212329 0.575626
0.211942 0.211942 0.576117
0.212610 0.214472 0.572918
0.212183 0.212849 0.574968
0.212691 0.214782 0.572527
0.213278 0.574410 0.212311
0.214914 0.223612 0.561474
0.211942 0.211942 0.576117
0.211942 0.211942 0.576117
0.211942 0.211942 0.576117
0.212744 0.214984 0.572273
0.211960 0.212009 0.576031
0.214359 0.221346 0.564295
0.211943 0.211947 0.576110
0.212131 0.575834 0.212035
0.212070 0.212425 0.575505
0.212123 0.212624 0.575253
0.216686 0.231144 0.552170
0.212079 0.212459 0.575461
0.425166 0.231676 0.343158
0.213327 0.217241 0.569432
0.211942 0.211942 0.576117
0.212344 0.213460 0.574196
0.215419 0.225704 0.558877
0.215375 0.225525 0.559100
0.211942 0.211942 0.576117
0.392600 0.235267 0.372132
0.225219 0.276935 0.497846
0.231662 0.342910 0.425428
0.212756 0.214681 0.572563
0.212092 0.212493 0.575415
0.225654 0.278610 0.495737
0.212339 0.213440 0.574221
0.248844 0.282033 0.469124
0.213719 0.218786 0.567494
0.211942 0.211942 0.576117
0.211942 0.211942 0.576117
0.211942 0.211942 0.576117
0.232133 0.414403 0.353464
0.217699 0.235679 0.546622
0.212144 0.212700 0.575157
0.212357 0.213506 0.574137
0.211965 0.212031 0.576004
0.212805 0.215219 0.571976
0.211943 0.211942 0.576115
0.212118 0.212605 0.575277
0.213066 0.216226 0.570708
0.215353 0.225429 0.559218
0.213288 0.217091 0.569621
0.213475 0.217822 0.568703
0.219692 0.245156 0.535152
0.211951 0.211944 0.576106
0.212003 0.212173 0.575824
0.214917 0.223624 0.561458
0.211958 0.212004 0.576037
0.232572 0.398068 0.369360
0.211945 0.211955 0.576099
0.213024 0.216065 0.570911
0.212102 0.212542 0.575356
0.212986 0.215918 0.571095
0.213484 0.217857 0.568659
0.212177 0.212824 0.575000
0.211943 0.211946 0.576111
0.211942 0.211942 0.576117
0.575471 0.212451 0.212077
0.212170 0.575303 0.212526
0.212772 0.215094 0.572134
0.215080 0.224297 0.560623
0.217675 0.235569 0.546755
0.211943 0.211942 0.576114
0.215180 0.224712 0.560109
0.213165 0.216610 0.570225
0.216222 0.229126 0.554651
0.211942 0.211942 0.576116
0.215475 0.223246 0.561279
0.575425 0.212488 0.212087
0.214972 0.223801 0.561227
0.211942 0.211942 0.576117
0.211942 0.211942 0.576117
0.211942 0.211942 0.576117
0.211942 0.211942 0.576117
0.211942 0.211942 0.576117
0.212086 0.212483 0.575431
0.224033 0.258931 0.517036
0.211997 0.212148 0.575855
0.217804 0.236157 0.546039
0.227987 0.474079 0.297935
0.221930 0.521258 0.256812
0.216410 0.229939 0.553652
0.216553 0.552943 0.230504
0.226165 0.283651 0.490184
0.211942 0.211942 0.576117
0.211942 0.211942 0.576117
0.211946 0.211957 0.576097
0.212381 0.213597 0.574022
0.215364 0.225478 0.559158
0.212137 0.212677 0.575185
0.224261 0.270685 0.505054
0.213037 0.216116 0.570847
0.213769 0.567748 0.218484
0.213741 0.218872 0.567387
0.212470 0.213935 0.573595
0.213414 0.217582 0.569004
0.213044 0.216141 0.570815
0.212117 0.212601 0.575282
0.212269 0.213175 0.574556
0.211942 0.211942 0.576116
0.211946 0.211943 0.576111
0.212626 0.214534 0.572840
0.212859 0.215428 0.571713
0.213067 0.216220 0.570714
0.212144 0.212702 0.575155
0.212613 0.214378 0.573009
0.212980 0.215890 0.571130
0.569137 0.213409 0.217454
0.211983 0.211953 0.576064
0.211942 0.211942 0.576117
0.212593 0.214407 0.573000
0.211942 0.211942 0.576117
0.212124 0.211991 0.575885
0.211961 0.212016 0.576023
0.214453 0.221720 0.563827
0.231313 0.335369 0.433318
0.212040 0.212312 0.575648
0.220477 0.249127 0.530396
0.220919 0.250917 0.528164
0.213997 0.219891 0.566112
0.218466 0.238620 0.542914
0.226574 0.286706 0.486720
0.310908 0.241557 0.447535
0.216702 0.231214 0.552084
0.219247 0.242944 0.537809
0.212818 0.215259 0.571923
0.238972 0.343539 0.417489
0.212515 0.214107 0.573379
0.214896 0.223538 0.561566
0.213330 0.217254 0.569417
0.211942 0.211942 0.576117
0.212294 0.213268 0.574438
0.211942 0.211942 0.576117
0.211942 0.211942 0.576116
0.212998 0.571286 0.215716
0.211942 0.211942 0.576117
0.231229 0.329012 0.439759
0.215027 0.224077 0.560895
0.217124 0.233085 0.549791
0.211942 0.211942 0.576117
0.212983 0.215885 0.571132
0.222712 0.260908 0.516380
0.212679 0.214734 0.572587
0.230308 0.322189 0.447503
0.212584 0.214370 0.573046
0.213042 0.216124 0.570834
0.211944 0.211949 0.576107
0.215650 0.226679 0.557671
0.212302 0.213298 0.574400
0.227751 0.295176 0.477073
0.211942 0.211942 0.576116
0.211942 0.211942 0.576117
0.211944 0.211950 0.576106
0.212418 0.213738 0.573845
0.228751 0.466045 0.305204
0.211978 0.212078 0.575944
0.211942 0.211942 0.576117
0.213526 0.573889 0.212585
0.223320 0.264796 0.511884
0.213718 0.218781 0.567502
0.213300 0.217138 0.569561
0.224863 0.559921 0.215216
0.216596 0.230741 0.552663
0.227584 0.477686 0.294731
0.213110 0.216398 0.570492
0.218704 0.240318 0.540978
0.212104 0.212552 0.575344
0.214375 0.221412 0.564212
0.223184 0.533114 0.243702
0.219461 0.243988 0.536551
0.215869 0.220933 0.563198
0.212774 0.215099 0.572127
0.213539 0.218074 0.568387
0.576114 0.211944 0.211942
0.211942 0.211942 0.576117
0.212304 0.213308 0.574388
0.213249 0.216931 0.569819
0.212391 0.213637 0.573972
0.228596 0.303725 0.467680
0.215146 0.224570 0.560285
0.223826 0.267962 0.508212
0.216628 0.230869 0.552502
0.214441 0.221158 0.564402
0.211942 0.211942 0.576117
0.215668 0.226601 0.557730
0.211953 0.211983 0.576065
0.213071 0.216246 0.570683
0.213621 0.218398 0.567981
0.217139 0.233150 0.549711
0.211942 0.211942 0.576117
0.212518 0.214118 0.573364
0.211942 0.211943 0.576115
0.211942 0.211942 0.576117
0.211942 0.211942 0.576117
0.224124 0.269810 0.506066
0.212448 0.213851 0.573701
0.211962 0.212019 0.576019
0.232125 0.353245 0.414631
0.212148 0.212716 0.575136
0.213170 0.216632 0.570198
0.216527 0.230450 0.553023
0.217394 0.234293 0.548313
0.212333 0.213416 0.574251
0.212113 0.212587 0.575300
0.213167 0.216619 0.570214
0.211942 0.211942 0.576117
0.213304 0.214445 0.572251
0.213359 0.217367 0.569274
0.224522 0.272347 0.503131
0.211942 0.211942 0.576117
0.212056 0.212371 0.575574
0.212499 0.214046 0.573455
0.212513 0.214101 0.573386
0.212619 0.214505 0.572876
0.212898 0.215578 0.571524
0.214091 0.220255 0.565655
0.215908 0.227778 0.556314
0.214345 0.566793 0.218862
0.213822 0.219192 0.566987
0.213345 0.217270 0.569384
0.214838 0.223300 0.561862
0.223210 0.259592 0.517198
0.226731 0.287892 0.485377
0.221251 0.253187 0.525561
0.217340 0.234051 0.548608
0.231107 0.435886 0.333008
0.211942 0.211942 0.576117
0.211942 0.211942 0.576117
0.217672 0.235369 0.546959
0.212288 0.213241 0.574471
0.213789 0.219064 0.567146
0.213328 0.217247 0.569425
0.232505 0.361264 0.406231
0.211942 0.211942 0.576117
0.211942 0.211942 0.576117
0.213792 0.567135 0.219073
0.313611 0.245742 0.440647
0.223411 0.260579 0.516010
0.211942 0.211942 0.576116
0.213821 0.218928 0.567250
0.222233 0.258534 0.519233
0.228250 0.522518 0.249232
0.211942 0.211942 0.576117
0.224422 0.504309 0.271269
0.212337 0.213432 0.574231
0.220963 0.251653 0.527384
0.212593 0.214405 0.573001
0.215506 0.226077 0.558417
0.213943 0.219674 0.566384
0.211971 0.212053 0.575976
0.211942 0.211942 0.576117
0.211942 0.211942 0.576117
0.226296 0.283989 0.489716
0.213133 0.216486 0.570381
0.214659 0.222565 0.562776
0.211942 0.211942 0.576117
0.212746 0.214993 0.572261
0.213678 0.573920 0.212402
0.212118 0.212606 0.575276
0.212076 0.212447 0.575476
0.231616 0.285904 0.482480
0.212847 0.215370 0.571783
0.212391 0.213636 0.573973
0.213222 0.216833 0.569944
0.211966 0.212032 0.576002
0.213321 0.217066 0.569613
0.211942 0.211942 0.576117
0.213177 0.216659 0.570163
0.212062 0.212395 0.575542
0.227674 0.477366 0.294961
0.215001 0.223863 0.561136
0.213228 0.216855 0.569917
0.212268 0.213169 0.574563
0.212406 0.213693 0.573901
0.214887 0.223501 0.561611
0.211942 0.211942 0.576117
0.211942 0.211942 0.576116
0.211942 0.211942 0.576117
0.212130 0.212651 0.575218
0.211942 0.211942 0.576116
0.229301 0.260775 0.509925
0.211942 0.211942 0.576117
0.211942 0.211942 0.576117
0.211942 0.211942 0.576117
0.211942 0.211942 0.576117
0.211942 0.211942 0.576117
0.217927 0.236418 0.545655
0.212806 0.215221 0.571973
0.212512 0.214095 0.573393
0.211942 0.211942 0.576117
0.212289 0.213249 0.574463
0.211942 0.211942 0.576117
0.213721 0.218758 0.567521
0.214883 0.223481 0.561636
0.211943 0.211947 0.576110
0.215075 0.224274 0.560651
0.212804 0.215215 0.571981
0.212548 0.214233 0.573219
0.211942 0.211942 0.576117
0.213048 0.216158 0.570794
0.216244 0.229221 0.554535
0.212105 0.212554 0.575341
0.212569 0.214313 0.573118
0.211942 0.211942 0.576117
0.220300 0.248221 0.531479
0.211971 0.212053 0.575976
0.215400 0.225631 0.558968
0.212066 0.212407 0.575528
0.211942 0.211942 0.576117
0.215258 0.225036 0.559706
0.212367 0.213544 0.574089
0.211942 0.211942 0.576117
0.213231 0.216867 0.569902
0.214697 0.222715 0.562588
0.211942 0.211942 0.576117
0.212333 0.213417 0.574249
0.212312 0.213337 0.574350
0.212137 0.212675 0.575188
0.220228 0.247851 0.531921
0.216623 0.230869 0.552508
0.216381 0.229811 0.553808
0.232702 0.379215 0.388084
0.213697 0.218698 0.567605
0.214303 0.221121 0.564576
0.229663 0.455732 0.314605
0.222557 0.260409 0.517034
0.214364 0.221365 0.564272
0.213337 0.217284 0.569379
0.229817 0.299239 0.470944
0.212361 0.574243 0.213395
0.223657 0.266918 0.509425
0.213624 0.568068 0.218308
0.215902 0.227747 0.556351
0.212751 0.215011 0.572238
0.227718 0.295866 0.476416
0.212669 0.214697 0.572633
0.211942 0.211942 0.576117
0.212242 0.213072 0.574686
0.212711 0.214858 0.572430
0.213521 0.218001 0.568477
0.212046 0.212335 0.575618
0.216143 0.228785 0.555072
0.212245 0.213082 0.574673
0.217967 0.236910 0.545122
0.214984 0.223901 0.561115
0.212313 0.213343 0.574344
0.212050 0.212350 0.575600
0.216784 0.231577 0.551638
0.212435 0.213803 0.573762
0.211942 0.211942 0.576117
0.212265 0.213157 0.574579
0.213226 0.216846 0.569928
0.213762 0.218957 0.567281
0.214230 0.220825 0.564946
0.226546 0.487007 0.286448
0.212002 0.212166 0.575832
0.232411 0.434191 0.333398
0.212069 0.212418 0.575513
0.232142 0.345576 0.422282
0.213010 0.216008 0.570982
0.219680 0.244883 0.535437
0.212850 0.215333 0.571818
0.213246 0.216928 0.569826
0.213217 0.216813 0.569970
0.211976 0.212070 0.575955
0.211942 0.211942 0.576117
0.212102 0.212546 0.575352
0.213004 0.215986 0.571010
0.212219 0.212986 0.574794
0.215547 0.226246 0.558208
0.212028 0.212266 0.575706
0.216842 0.231825 0.551332
0.213463 0.217775 0.568762
0.212627 0.214536 0.572837
0.212854 0.215406 0.571741
0.214971 0.223844 0.561185
0.212374 0.213574 0.574052
0.219429 0.239539 0.541032
0.218671 0.216391 0.564938
0.215538 0.226211 0.558250
0.211942 0.211942 0.576117
0.211942 0.211942 0.576117
0.212048 0.212341 0.575610
0.232219 0.412067 0.355714
0.213869 0.219378 0.566752
0.214645 0.222509 0.562845
0.216316 0.229457 0.554227
0.213732 0.218837 0.567431
0.213710 0.218750 0.567539
0.214405 0.221380 0.564215
0.212573 0.214330 0.573097
0.218746 0.240557 0.540697
0.212287 0.213243 0.574470
0.213022 0.216057 0.570921
0.215016 0.223993 0.560992
0.213887 0.219452 0.566661
0.212440 0.213820 0.573740
0.212944 0.215752 0.571304
0.211942 0.211942 0.576116
0.212253 0.213113 0.574634
0.212435 0.213172 0.574393
0.220117 0.247290 0.532593
0.212591 0.214397 0.573012
0.218343 0.543028 0.238629
0.236569 0.230668 0.532764
0.213821 0.219191 0.566988
0.217920 0.545391 0.236689
0.211942 0.211942 0.576117
0.217230 0.233426 0.549344
0.213950 0.219702 0.566348
0.222214 0.258464 0.519321
0.576114 0.211944 0.211942
0.225093 0.226290 0.548617
0.212048 0.212341 0.575611
0.213835 0.219246 0.566918
0.214803 0.223082 0.562114
0.212669 0.214697 0.572634
0.217777 0.236022 0.546202
0.213650 0.218490 0.567860
0.214926 0.223659 0.561415
0.228682 0.466774 0.304545
0.212632 0.214556 0.572812
0.213708 0.218743 0.567549
0.212193 0.212886 0.574921
0.221440 0.254203 0.524357
0.212219 0.212986 0.574795
0.319100 0.450723 0.230177
0.211964 0.212027 0.576009
0.212523 0.214141 0.573336
0.211969 0.212045 0.575986
0.212018 0.212229 0.575753
0.212250 0.213104 0.574646
0.212582 0.214366 0.573052
0.212854 0.215409 0.571737
0.218788 0.240761 0.540451
0.211942 0.211942 0.576117
0.211984 0.212101 0.575915
0.211942 0.211942 0.576117
0.212958 0.215808 0.571234
0.212216 0.212972 0.574812
0.214666 0.222594 0.562739
0.214279 0.220998 0.564723
0.212956 0.215802 0.571242
0.212589 0.214390 0.573022
0.212222 0.212998 0.574780
0.211942 0.211942 0.576117
0.217898 0.236591 0.545511
0.213574 0.218212 0.568214
0.213182 0.216677 0.570141
0.212027 0.212264 0.575709
0.212743 0.214980 0.572277
0.217310 0.233914 0.548776
0.212651 0.214627 0.572722
0.220288 0.248156 0.531556
0.213161 0.216597 0.570242
0.303958 0.465472 0.230569
0.212420 0.213748 0.573831
0.212642 0.214552 0.572806
0.211961 0.576054 0.211985
0.228848 0.305960 0.465192
0.212891 0.215551 0.571557
0.216614 0.230009 0.553377
0.575912 0.212103 0.211985
0.212353 0.213490 0.574157
0.212570 0.214320 0.573110
0.211942 0.211942 0.576117
0.212490 0.214014 0.573495
0.213064 0.216219 0.570718
0.574904 0.212205 0.212891
0.212074 0.212438 0.575488
0.212402 0.213675 0.573923
0.213211 0.216786 0.570003
0.213117 0.216424 0.570460
0.213201 0.216752 0.570047
0.214110 0.219930 0.565960
0.211942 0.576117 0.211942
0.227012 0.290097 0.482891
0.211942 0.211942 0.576116
0.214360 0.221319 0.564322
0.213317 0.217203 0.569481
0.213165 0.571375 0.215460
0.212301 0.213287 0.574412
0.211942 0.211942 0.576117
0.211942 0.211942 0.576117
0.218558 0.239663 0.541779
0.211942 0.211942 0.576117
0.227176 0.291389 0.481435
0.211960 0.212009 0.576031
0.212012 0.212205 0.575783
0.211942 0.576117 0.211942
0.576105 0.211951 0.211944
0.213139 0.216510 0.570351
0.235102 0.348551 0.416347
0.212539 0.214201 0.573259
0.219809 0.245699 0.534491
0.211942 0.211942 0.576117
0.214343 0.221282 0.564375
0.211942 0.211942 0.576117
0.213621 0.218397 0.567983
0.230479 0.455148 0.314374
0.218284 0.543380 0.238337
0.212237 0.213052 0.574712
0.215213 0.224814 0.559973
0.212294 0.213236 0.574471
0.211943 0.211946 0.576112
0.212805 0.215217 0.571978
0.367035 0.254430 0.378535
0.219846 0.241026 0.539128
0.223474 0.510720 0.265806
0.212377 0.213584 0.574039
0.212950 0.215777 0.571273
0.223817 0.267882 0.508300
0.212158 0.212756 0.575086
0.222185 0.257399 0.520416
0.212007 0.212187 0.575807
0.212599 0.214428 0.572974
0.213631 0.218437 0.567932
0.212635 0.214568 0.572797
0.216421 0.229989 0.553590
0.218225 0.238106 0.543669
0.214881 0.223474 0.561646
0.546623 0.235678 0.217699
0.214557 0.222117 0.563326
0.215200 0.224793 0.560007
0.215228 0.224914 0.559858
0.211942 0.211942 0.576116
0.215541 0.226217 0.558241
0.212527 0.214155 0.573318
0.219729 0.566131 0.214139
0.212087 0.212487 0.575426
0.212786 0.215145 0.572070
0.214841 0.220970 0.564189
0.212384 0.213611 0.574005
0.220318 0.248243 0.531439
0.281179 0.446433 0.272388
0.213437 0.217672 0.568891
0.212221 0.212994 0.574785
0.234030 0.330441 0.435529
0.212373 0.213567 0.574060
0.217364 0.234158 0.548478
0.212181 0.212840 0.574979
0.211967 0.212037 0.575996
0.212453 0.213874 0.573672
0.211955 0.211992 0.576053
0.212069 0.212420 0.575511
0.213847 0.219294 0.566858
0.229108 0.308733 0.462159
0.222190 0.258299 0.519511
0.211950 0.211973 0.576077
0.232312 0.409013 0.358675
0.212183 0.212849 0.574968
0.298611 0.230463 0.470926
0.213185 0.216687 0.570128
0.212345 0.213461 0.574194
0.213054 0.216179 0.570767
0.211942 0.211942 0.576117
0.213829 0.219222 0.566949
0.211942 0.211942 0.576117
0.215639 0.226597 0.557764
0.215616 0.226539 0.557845
0.222147 0.258087 0.519766
0.212128 0.212640 0.575232
0.222256 0.258406 0.519338
0.211947 0.211960 0.576093
0.218972 0.241643 0.539385
0.212532 0.214151 0.573317
0.212173 0.212811 0.575017
0.212654 0.214636 0.572710
0.212816 0.215260 0.571924
0.212244 0.213080 0.574676
0.213290 0.217099 0.569611
0.226417 0.488059 0.285523
0.211942 0.211944 0.576113
0.212129 0.212647 0.575224
0.223040 0.529219 0.247741
0.215400 0.225631 0.558969
0.213124 0.216453 0.570422
0.213205 0.216767 0.570028
0.212092 0.212508 0.575400
0.211953 0.211985 0.576061
0.228825 0.555017 0.216158
0.212331 0.213410 0.574259
0.211942 0.211942 0.576117
0.222136 0.258028 0.519836
0.212646 0.214610 0.572743
0.213187 0.216695 0.570119
0.212646 0.214608 0.572747
0.213134 0.216491 0.570375
0.225694 0.558891 0.215415
0.212887 0.215533 0.571580
0.575989 0.212042 0.211968
0.214794 0.223119 0.562087
0.211942 0.211942 0.576117
0.211942 0.211942 0.576117
0.212077 0.212448 0.575475
0.212261 0.213143 0.574596
0.519959 0.226650 0.253391
0.213898 0.219495 0.566607
0.213330 0.217253 0.569418
0.212054 0.212362 0.575584
0.231780 0.345257 0.422964
0.529878 0.249561 0.220561
0.212115 0.212592 0.575293
0.218566 0.239704 0.541730
0.213100 0.216353 0.570548
0.213305 0.217156 0.569540
0.213076 0.216263 0.570662
0.213614 0.218369 0.568017
0.214859 0.223383 0.561757
0.212885 0.215527 0.571588
0.214815 0.223204 0.561980
0.212449 0.213858 0.573692
0.212928 0.215694 0.571377
0.212058 0.212377 0.575565
0.214218 0.220655 0.565126
0.221536 0.214406 0.564057
0.213456 0.217748 0.568796
0.215665 0.226649 0.557686
0.215162 0.224637 0.560201
0.215316 0.225279 0.559405
0.211942 0.211942 0.576117
0.218967 0.241337 0.539696
0.215661 0.226728 0.557610
0.214034 0.220039 0.565927
0.211971 0.212050 0.575979
0.211979 0.212083 0.575938
0.211965 0.211949 0.576086
0.221412 0.254048 0.524540
0.217058 0.232788 0.550154
0.213729 0.218826 0.567445
0.211942 0.211942 0.576117
0.211942 0.211942 0.576117
0.211942 0.211942 0.576116
0.211942 0.211942 0.576117
0.211942 0.211942 0.576117
0.212969 0.215853 0.571178
0.212257 0.213129 0.574614
0.211942 0.211942 0.576117
0.212455 0.213880 0.573665
0.213291 0.217102 0.569608
0.215452 0.558957 0.225591
0.211942 0.211942 0.576117
0.211942 0.211942 0.576117
0.213208 0.216780 0.570011
0.212089 0.212495 0.575415
0.213105 0.216372 0.570523
0.214172 0.220590 0.565239
0.213578 0.218228 0.568193
0.221295 0.253421 0.525284
0.211951 0.211978 0.576071
0.211942 0.211942 0.576117
0.211942 0.211943 0.576116
0.213562 0.218164 0.568274
0.213646 0.218495 0.567859
0.214269 0.220982 0.564749
0.215245 0.224977 0.559778
0.220949 0.251582 0.527469
0.212380 0.213595 0.574024
0.214908 0.223588 0.561503
0.214596 0.222297 0.563107
0.212040 0.212311 0.575649
0.212456 0.213882 0.573662
0.213838 0.219257 0.566906
0.218461 0.239206 0.542333
0.216530 0.230460 0.553011
0.216067 0.228458 0.555475
0.226250 0.284271 0.489479
0.211942 0.211942 0.576117
0.211952 0.211944 0.576104
0.211942 0.211942 0.576117
0.212262 0.213149 0.574588
0.216150 0.228815 0.555035
0.214987 0.223907 0.561106
0.224443 0.270811 0.504745
0.215800 0.227315 0.556884
0.213412 0.217576 0.569012
0.212168 0.212794 0.575037
0.213004 0.215984 0.571012
0.215120 0.224465 0.560415
0.212376 0.213581 0.574042
0.211942 0.211942 0.576117
0.214075 0.220204 0.565720
0.227081 0.290646 0.482273
0.212113 0.212587 0.575299
0.218518 0.239476 0.542007
0.213774 0.219004 0.567222
0.212066 0.212409 0.575525
0.217837 0.236307 0.545857
0.215045 0.224143 0.560812
0.215384 0.225564 0.559052
0.229127 0.308923 0.461950
0.211942 0.211944 0.576114
0.211997 0.212150 0.575853
0.212329 0.213403 0.574267
0.212258 0.213132 0.574610
0.211953 0.211983 0.576064
0.213977 0.219811 0.566212
0.569647 0.217070 0.213283
0.217768 0.235990 0.546242
0.211942 0.211942 0.576117
0.211957 0.212000 0.576043
0.212500 0.214052 0.573448
0.218547 0.239579 0.541874
0.211942 0.211942 0.576117
0.211945 0.211953 0.576102
0.218535 0.239561 0.541904
0.211942 0.211942 0.576117
0.212330 0.213406 0.574264
0.570770 0.216177 0.213053
0.216807 0.231676 0.551517
0.212720 0.214894 0.572386
0.216920 0.232178 0.550901
0.212753 0.215018 0.572230
0.212261 0.213145 0.574593
0.212926 0.215686 0.571387
0.212046 0.212333 0.575621
0.211942 0.576115 0.211943
0.218353 0.238596 0.543051
0.217830 0.236245 0.545925
0.214131 0.565441 0.220428
0.212561 0.214285 0.573153
0.215210 0.224686 0.560104
0.212228 0.213020 0.574752
0.250007 0.440166 0.309827
0.211942 0.211942 0.576117
0.212127 0.212638 0.575235
0.216511 0.230378 0.553111
0.213455 0.217743 0.568802
0.212716 0.214876 0.572408
0.211942 0.211942 0.576117
0.212698 0.214809 0.572493
0.223193 0.264125 0.512682
0.217235 0.233581 0.549184
0.211942 0.211942 0.576117
0.211946 0.211943 0.576112
0.214520 0.221998 0.563483
0.212641 0.214588 0.572771
0.212352 0.213472 0.574176
0.211942 0.211942 0.576117
0.211942 0.211942 0.576117
0.212104 0.212551 0.575345
0.214498 0.221908 0.563594
0.212921 0.215664 0.571415
0.212064 0.212402 0.575534
0.217122 0.233073 0.549805
0.211966 0.212033 0.576001
0.221805 0.256187 0.522008
0.215509 0.558403 0.226088
0.212048 0.212342 0.575609
0.212157 0.212751 0.575092
0.214385 0.221451 0.564164
0.216126 0.228713 0.555160
0.214910 0.223593 0.561498
0.212555 0.214261 0.573184
0.211942 0.211942 0.576117
0.212180 0.212836 0.574984
0.573687 0.213422 0.212891
0.231765 0.293792 0.474443
0.211957 0.576097 0.211946
0.212743 0.214979 0.572279
0.212152 0.212733 0.575115
0.217045 0.232733 0.550222
0.211965 0.212031 0.576004
0.213092 0.216328 0.570579
0.214551 0.222123 0.563326
0.217472 0.234555 0.547974
0.212473 0.213949 0.573577
0.212154 0.212741 0.575105
0.213739 0.218845 0.567416
0.214693 0.222646 0.562661
0.211944 0.211949 0.576108
0.211946 0.211943 0.576111
0.211961 0.212013 0.576026
0.211942 0.211942 0.576117
0.221887 0.256629 0.521483
0.214705 0.222752 0.562544
0.214096 0.220276 0.565629
0.211957 0.212001 0.576042
0.212471 0.213939 0.573590
0.215928 0.227863 0.556209
0.212105 0.212554 0.575341
0.218228 0.238119 0.543653
0.212706 0.575148 0.212145
0.212734 0.214947 0.572318
0.220702 0.250283 0.529015
0.230772 0.328340 0.440888
0.215708 0.226927 0.557365
0.212233 0.213037 0.574730
0.215092 0.224344 0.560565
0.213658 0.218538 0.567804
0.217167 0.233273 0.549560
0.214252 0.220915 0.564833
0.211943 0.211947 0.576110
0.211942 0.211942 0.576117
0.211942 0.211942 0.576117
0.214183 0.220593 0.565224
0.212092 0.212508 0.575400
0.211942 0.211942 0.576117
0.215032 0.224098 0.560871
0.211942 0.211942 0.576117
0.216994 0.232505 0.550500
0.575075 0.212405 0.212519
0.212520 0.214127 0.573353
0.213702 0.218720 0.567578
0.211942 0.211942 0.576117
0.222742 0.261474 0.515784
0.212596 0.573055 0.214349
0.212597 0.214422 0.572980
0.212363 0.213529 0.574109
0.212001 0.212163 0.575837
0.212173 0.212813 0.575014
0.224182 0.266065 0.509753
0.211942 0.211942 0.576117
0.212826 0.215298 0.571876
0.212076 0.212446 0.575478
0.213362 0.217380 0.569258
0.212785 0.215142 0.572073
0.212715 0.214793 0.572492
0.232717 0.382252 0.385030
0.222557 0.517029 0.260413
0.211951 0.211979 0.576070
0.224193 0.270248 0.505559
0.213119 0.216431 0.570450
0.211942 0.211942 0.576117
0.211955 0.211991 0.576055
0.364783 0.321300 0.313917
0.212458 0.213890 0.573652
0.211953 0.211986 0.576061
0.211942 0.211942 0.576116
0.212265 0.213159 0.574577
0.213124 0.216450 0.570426
0.211942 0.211942 0.576117
0.211942 0.211942 0.576117
0.232121 0.414735 0.353144
0.232197 0.355222 0.412581
0.214619 0.222401 0.562980
0.212682 0.214745 0.572573
0.211942 0.211942 0.576117
0.232203 0.355361 0.412436
0.211942 0.211942 0.576116
0.215274 0.225105 0.559620
0.568447 0.217809 0.213744
0.212091 0.212503 0.575406
0.215062 0.560726 0.224212
0.220258 0.531735 0.248007
0.227158 0.481678 0.291164
0.211942 0.211942 0.576117
0.212469 0.213933 0.573598
0.216341 0.229641 0.554018
0.490419 0.265788 0.243794
0.211943 0.211945 0.576112
0.212572 0.214328 0.573100
0.575388 0.212516 0.212096
0.213478 0.217836 0.568686
0.213097 0.216347 0.570556
0.233709 0.459988 0.306303
0.221200 0.252884 0.525916
0.231694 0.343533 0.424772
0.211942 0.211942 0.576117
0.214177 0.220613 0.565210
0.212761 0.215048 0.572191
0.211960 0.212012 0.576028
0.227595 0.294744 0.477661
0.213038 0.216116 0.570846
0.212141 0.212692 0.575167
0.211942 0.211942 0.576117
0.212462 0.213905 0.573633
0.213535 0.218058 0.568407
0.212704 0.214831 0.572465
0.215309 0.225250 0.559441
0.212116 0.212595 0.575290
0.211942 0.211942 0.576117
0.213416 0.217592 0.568992
0.214365 0.221368 0.564267
0.211942 0.211942 0.576117
0.211942 0.211942 0.576117
0.211942 0.211945 0.576113
0.224430 0.503802 0.271768
0.217064 0.232817 0.550118
0.215810 0.227360 0.556830
0.211942 0.211942 0.576117
0.212515 0.214106 0.573379
0.213252 0.216950 0.569799
0.211944 0.211942 0.576113
0.211942 0.211942 0.576117
0.211942 0.211944 0.576114
0.211942 0.211942 0.576117
0.211942 0.211942 0.576117
0.211942 0.211942 0.576117
0.213081 0.216285 0.570634
0.213853 0.219316 0.566831
0.211942 0.211943 0.576115
0.211942 0.211942 0.576117
0.211942 0.211942 0.576117
0.213167 0.216620 0.570213
0.212760 0.215045 0.572196
0.222258 0.258650 0.519092
0.216389 0.229487 0.554124
0.212342 0.213450 0.574208
0.211942 0.211943 0.576115
0.219280 0.243128 0.537592
0.212807 0.215043 0.572150
0.211942 0.211942 0.576117
0.211942 0.211942 0.576117
0.216506 0.230356 0.553138
0.213838 0.219258 0.566904
0.260746 0.516627 0.222627
0.211973 0.212059 0.575968
0.212790 0.215156 0.572054
0.211942 0.211942 0.576117
0.211942 0.211942 0.576117
0.211942 0.211942 0.576117
0.213951 0.219707 0.566341
0.212055 0.212368 0.575577
0.214083 0.220233 0.565683
0.212700 0.214815 0.572485
0.214240 0.220754 0.565006
0.211942 0.211942 0.576117
0.218733 0.240487 0.540780
0.211944 0.211942 0.576114
0.212686 0.214761 0.572553
0.212233 0.213037 0.574730
0.211942 0.211942 0.576117
0.571443 0.215642 0.212915
0.211942 0.211942 0.576117
0.213574 0.218213 0.568213
0.211942 0.211942 0.576117
0.218930 0.241440 0.539630
0.214335 0.221251 0.564414
0.216502 0.229364 0.554135
0.576117 0.211942 0.211942
0.572028 0.215178 0.212794
0.211942 0.211942 0.576117
0.217407 0.213372 0.569221
0.211942 0.211942 0.576117
0.212955 0.215797 0.571248
0.211942 0.211942 0.576117
0.212369 0.213552 0.574079
0.213386 0.217472 0.569142
0.211942 0.211942 0.576117
0.219331 0.243213 0.537456
0.213452 0.217732 0.568816
0.211955 0.211991 0.576054
0.222253 0.258685 0.519062
0.225308 0.277590 0.497102
0.216411 0.229899 0.553689
0.215254 0.225020 0.559726
0.214542 0.222086 0.563372
0.213687 0.218658 0.567655
0.213670 0.218538 0.567791
0.212463 0.213911 0.573626
0.213240 0.570286 0.216474
0.213612 0.218364 0.568023
0.211942 0.211942 0.576117
0.212265 0.213155 0.574581
0.215436 0.225780 0.558784
0.214633 0.222458 0.562910
0.211942 0.576114 0.211944
0.215663 0.226709 0.557628
0.211960 0.212010 0.576030
0.212141 0.212690 0.575170
0.212308 0.213323 0.574369
0.212726 0.214917 0.572357
0.336914 0.418162 0.244923
0.212017 0.212224 0.575759
0.221705 0.255639 0.522656
0.212028 0.212265 0.575707
0.211942 0.211942 0.576117
0.226878 0.215701 0.557421
0.211942 0.211942 0.576117
0.214252 0.220914 0.564835
0.211942 0.211942 0.576117
0.214004 0.219919 0.566077
0.211942 0.211942 0.576116
0.212210 0.212944 0.574846
0.212881 0.215511 0.571609
0.211942 0.211942 0.576117
0.211942 0.211942 0.576117
0.211942 0.211942 0.576117
0.211942 0.211942 0.576117
0.565506 0.220376 0.214118
0.213221 0.216830 0.569949
0.211944 0.211949 0.576108
0.212808 0.215231 0.571961
0.211942 0.211942 0.576117
0.213284 0.217075 0.569642
0.211942 0.211942 0.576116
0.211942 0.211942 0.576117
0.211942 0.211944 0.576113
0.211943 0.211947 0.576110
0.212306 0.574379 0.213315
0.211993 0.212136 0.575871
0.213433 0.217660 0.568907
0.212466 0.213920 0.573614
0.213568 0.218191 0.568241
0.213933 0.219605 0.566462
0.435113 0.333752 0.231135
0.212056 0.212373 0.575571
0.211977 0.212076 0.575947
0.213638 0.218465 0.567897
0.212754 0.215023 0.572224
0.212079 0.212457 0.575464
0.214230 0.220825 0.564946
0.214478 0.221827 0.563695
0.214388 0.221463 0.564149
0.213894 0.219472 0.566634
0.217891 0.562090 0.220019
0.216351 0.229682 0.553967
0.215119 0.224461 0.560420
0.215607 0.226495 0.557898
0.211942 0.211942 0.576117
0.213478 0.217834 0.568689
0.226256 0.284324 0.489420
0.211942 0.211942 0.576117
0.211942 0.211942 0.576117
0.212692 0.214786 0.572522
0.211942 0.211942 0.576117
0.211942 0.211942 0.576117
0.211966 0.212033 0.576001
0.576083 0.211962 0.211955
0.213217 0.216647 0.570136
0.211942 0.211942 0.576117
0.211942 0.211942 0.576117
0.225194 0.276807 0.497998
0.215621 0.226560 0.557819
0.212842 0.215362 0.571795
0.212331 0.213408 0.574261
0.232697 0.383670 0.383633
0.211976 0.212069 0.575955
0.211942 0.211942 0.576117
0.214438 0.221647 0.563915
0.223228 0.264329 0.512443
0.212366 0.213540 0.574093
0.214421 0.221599 0.563980
0.212336 0.213323 0.574341
0.215212 0.224151 0.560637
0.211942 0.211942 0.576117
0.211946 0.211957 0.576097
0.212181 0.212843 0.574975
0.212017 0.212225 0.575757
0.212615 0.214489 0.572896
0.214445 0.221693 0.563862
0.214163 0.220554 0.565283
0.212235 0.213046 0.574719
0.213394 0.217506 0.569100
0.212209 0.212947 0.574844
0.212265 0.213159 0.574576
0.220525 0.249372 0.530103
0.214638 0.222471 0.562891
0.213046 0.216147 0.570807
0.211942 0.211942 0.576117
0.211942 0.211942 0.576117
0.213762 0.218957 0.567281
0.211942 0.211942 0.576117
0.212542 0.214211 0.573247
0.213752 0.218916 0.567332
0.216551 0.230553 0.552896
0.212435 0.213802 0.573763
0.213075 0.216263 0.570661
0.214691 0.222694 0.562615
0.215227 0.224908 0.559865
0.215461 0.225885 0.558654
0.213250 0.571221 0.215528
0.211948 0.211965 0.576087
0.211942 0.211942 0.576117
0.211942 0.211942 0.576117
0.211942 0.211942 0.576117
0.211942 0.211942 0.576117
0.212241 0.213068 0.574691
0.211942 0.211942 0.576117
0.212719 0.214888 0.572394
0.211942 0.211942 0.576117
0.213041 0.216128 0.570831
0.211959 0.212006 0.576035
0.231399 0.337373 0.431228
0.217956 0.236855 0.545189
0.228717 0.304851 0.466432
0.213745 0.218890 0.567365
0.213319 0.217210 0.569471
0.229149 0.308564 0.462287
0.213958 0.212476 0.573566
0.212034 0.212287 0.575679
0.212809 0.215233 0.571959
0.215277 0.225110 0.559613
0.217643 0.234473 0.547884
0.211980 0.212086 0.575934
0.213099 0.216356 0.570545
0.576079 0.211972 0.211950
0.212455 0.213878 0.573667
0.212340 0.213442 0.574218
0.214312 0.221158 0.564530
0.212096 0.212523 0.575381
0.212047 0.212335 0.575618
0.212910 0.215624 0.571466
0.215039 0.224129 0.560832
0.212004 0.212176 0.575820
0.212362 0.213528 0.574109
0.216785 0.231579 0.551636
0.211942 0.211942 0.576117
0.531626 0.248098 0.220276
0.211942 0.211942 0.576117
0.212420 0.213747 0.573833
0.212639 0.214581 0.572780
0.211984 0.212100 0.575916
0.215021 0.224044 0.560935
0.212277 0.213204 0.574519
0.214388 0.221464 0.564148
0.217684 0.568864 0.213452
0.211942 0.211942 0.576117
0.211942 0.211942 0.576116
0.212012 0.211962 0.576026
0.215578 0.226373 0.558050
0.215166 0.224652 0.560183
0.213315 0.217196 0.569490
0.212015 0.211961 0.576023
0.212357 0.213508 0.574134
0.212891 0.215551 0.571557
0.212905 0.215601 0.571494
0.216632 0.230908 0.552460
0.224291 0.270653 0.505056
0.212208 0.212942 0.574851
0.211942 0.211942 0.576117
0.211942 0.211943 0.576115
0.229292 0.460082 0.310626
0.211942 0.211942 0.576117
0.211942 0.211944 0.576113
0.212086 0.212486 0.575428
0.217151 0.233202 0.549647
0.211942 0.211942 0.576117
0.220938 0.251521 0.527540
0.215863 0.227586 0.556551
0.211984 0.212101 0.575916
0.212172 0.575018 0.212810
0.213809 0.219141 0.567051
0.261170 0.515522 0.223308
0.211942 0.211942 0.576117
0.213480 0.217842 0.568678
0.211942 0.211942 0.576117
0.212099 0.212533 0.575368
0.215040 0.224131 0.560829
0.212555 0.214261 0.573184
0.231229 0.433740 0.335032
0.213157 0.570263 0.216580
0.214008 0.219933 0.566059
0.211957 0.212001 0.576042
0.211942 0.211942 0.576117
0.211942 0.211942 0.576117
0.214079 0.219991 0.565930
0.216465 0.230180 0.553354
0.216317 0.229493 0.554190
0.214450 0.221687 0.563864
0.211942 0.211942 0.576117
0.211942 0.211942 0.576117
0.217254 0.233662 0.549084
0.211942 0.211942 0.576117
0.211943 0.211942 0.576115
0.230626 0.326354 0.443020
0.213633 0.218446 0.567921
0.214624 0.220366 0.565009
0.225190 0.276612 0.498198
0.211942 0.211943 0.576116
0.211942 0.211942 0.576117
0.211942 0.211942 0.576117
0.211942 0.211942 0.576117
0.211966 0.212033 0.576001
0.215570 0.226148 0.558282
0.211967 0.212038 0.575995
0.214000 0.219902 0.566098
0.212603 0.214444 0.572953
0.211942 0.211942 0.576117
0.218123 0.237632 0.544245
0.212842 0.215362 0.571795
0.211942 0.211942 0.576117
0.211942 0.211942 0.576117
0.213101 0.216362 0.570538
0.211942 0.211942 0.576117
0.232459 0.403541 0.364000
0.228301 0.471300 0.300400
0.213247 0.216932 0.569820
0.211942 0.211942 0.576117
0.212310 0.213331 0.574359
0.212951 0.215782 0.571267
0.212637 0.212127 0.575237
0.211942 0.211942 0.576116
0.211985 0.211953 0.576062
0.212409 0.213705 0.573886
0.211942 0.211942 0.576117
0.212123 0.212625 0.575252
0.212806 0.215107 0.572087
0.212274 0.213186 0.574540
0.214451 0.221707 0.563842
0.232731 0.390620 0.376649
0.211942 0.211942 0.576117
0.211942 0.211942 0.576117
0.212533 0.214174 0.573292
0.213392 0.569120 0.217488
0.212172 0.212808 0.575020
0.214052 0.220106 0.565842
0.213972 0.219792 0.566236
0.212438 0.213816 0.573746
0.216602 0.230776 0.552622
0.213606 0.218340 0.568054
0.211943 0.211946 0.576111
0.220900 0.251315 0.527785
0.230399 0.553086 0.216516
0.214308 0.221139 0.564554
0.211942 0.211942 0.576117
0.216910 0.232130 0.550960
0.213824 0.219203 0.566973
0.213847 0.219291 0.566862
0.211956 0.211997 0.576046
0.212643 0.214597 0.572760
0.228283 0.299922 0.471795
0.231777 0.423657 0.344566
0.449785 0.236633 0.313583
0.211942 0.211942 0.576117
0.212095 0.212519 0.575385
0.211985 0.212105 0.575910
0.217504 0.234790 0.547706
0.213695 0.218681 0.567625
0.213560 0.218158 0.568281
0.211949 0.211971 0.576079
0.211946 0.576098 0.211956
0.214036 0.220046 0.565917
0.216041 0.228346 0.555614
0.212239 0.213062 0.574698
0.212235 0.213044 0.574722
0.216075 0.228491 0.555435
0.220742 0.250391 0.528867
0.211942 0.211942 0.576117
0.211942 0.211942 0.576117
0.211942 0.211942 0.576117
0.212069 0.212420 0.575510
0.218963 0.234879 0.546158
0.211942 0.211942 0.576116
0.211942 0.211942 0.576117
0.213163 0.216603 0.570234
0.212316 0.213354 0.574330
0.213372 0.217419 0.569208
0.211942 0.211942 0.576117
0.220169 0.247552 0.532280
0.215079 0.224295 0.560626
0.218186 0.237921 0.543893
0.213599 0.218312 0.568088
0.218093 0.237470 0.544437
0.211942 0.211942 0.576117
0.211942 0.211942 0.576117
0.212119 0.212607 0.575274
0.215935 0.227893 0.556172
0.211942 0.211943 0.576115
0.230433 0.323803 0.445764
0.576064 0.211983 0.211953
0.211942 0.211942 0.576117
0.215312 0.559427 0.225261
0.212718 0.214885 0.572397
0.214899 0.223547 0.561554
0.212678 0.214730 0.572593
0.232683 0.378869 0.388449
0.212483 0.213986 0.573531
0.213347 0.217320 0.569333
0.211942 0.211942 0.576117
0.212263 0.213153 0.574584
0.212246 0.213088 0.574665
0.507347 0.268706 0.223947
0.212266 0.213165 0.574569
0.222019 0.257364 0.520617
0.212377 0.213582 0.574041
0.213930 0.566509 0.219561
0.213067 0.215983 0.570950
0.212662 0.214669 0.572670
0.211942 0.211942 0.576117
0.211942 0.211942 0.576117
0.214918 0.223628 0.561453
0.229146 0.309117 0.461737
0.211942 0.211942 0.576117
0.220871 0.249085 0.530044
0.214435 0.221653 0.563913
0.214645 0.222508 0.562846
0.213206 0.216769 0.570025
0.212170 0.212801 0.575029
0.213777 0.219013 0.567210
0.212208 0.212942 0.574850
0.215310 0.225254 0.559436
0.212516 0.214111 0.573374
0.213878 0.219416 0.566706
0.213963 0.219755 0.566282
0.212329 0.213401 0.574270
0.211942 0.211942 0.576117
0.232192 0.355063 0.412746
0.214185 0.220643 0.565172
0.213253 0.216950 0.569798
0.226501 0.488537 0.284962
0.212672 0.214709 0.572618
0.211942 0.211942 0.576116
0.211942 0.211942 0.576116
0.213769 0.218984 0.567247
0.212427 0.213772 0.573801
0.212275 0.213197 0.574528
0.220706 0.250314 0.528979
0.212629 0.214544 0.572827
0.211943 0.211947 0.576110
0.211942 0.211942 0.576117
0.211942 0.211942 0.576117
0.211942 0.211942 0.576117
0.212004 0.212176 0.575820
0.213699 0.218705 0.567596
0.211942 0.211942 0.576117
0.216390 0.228098 0.555512
0.223014 0.263061 0.513926
0.212868 0.215463 0.571669
0.211980 0.212087 0.575933
0.213488 0.217875 0.568637
0.212972 0.215865 0.571163
0.218265 0.238042 0.543693
0.212220 0.212988 0.574792
0.218471 0.239252 0.542277
0.211942 0.211942 0.576117
0.215524 0.226151 0.558325
0.570195 0.216634 0.213171
0.211942 0.211942 0.576117
0.211942 0.211942 0.576117
0.211942 0.211942 0.576117
0.212831 0.215319 0.571849
0.212968 0.215847 0.571185
0.213581 0.218240 0.568179
0.227916 0.297580 0.474504
0.213477 0.217711 0.568812
0.216157 0.228842 0.555000
0.212074 0.212437 0.575489
0.220331 0.248380 0.531289
0.213102 0.216365 0.570533
0.217730 0.235017 0.547254
0.211942 0.211942 0.576117
0.217149 0.233197 0.549654
0.212410 0.213709 0.573881
0.217734 0.235832 0.546434
0.213019 0.216043 0.570938
0.212329 0.213403 0.574268
0.214371 0.221394 0.564235
0.211942 0.211942 0.576117
0.217201 0.233427 0.549372
0.211942 0.211942 0.576117
0.218449 0.239152 0.542399
0.216328 0.229581 0.554092
0.215695 0.226872 0.557433
0.212340 0.213442 0.574218
0.227437 0.293120 0.479443
0.212019 0.212233 0.575748
0.215103 0.224389 0.560507
0.224862 0.215216 0.559922
0.224229 0.270481 0.505289
0.212162 0.212095 0.575743
0.211942 0.211942 0.576117
0.211942 0.211942 0.576116
0.217019 0.557001 0.225980
0.212076 0.212447 0.575477
0.216197 0.229019 0.554784
0.225964 0.280749 0.493287
0.212328 0.213399 0.574272
0.224407 0.271618 0.503975
0.214150 0.220287 0.565563
0.215720 0.226881 0.557399
0.214256 0.220929 0.564815
0.212113 0.212585 0.575302
0.214214 0.220761 0.565026
0.212041 0.211968 0.575991
0.211942 0.211942 0.576117
0.211962 0.576086 0.211953
0.211942 0.211942 0.576117
0.216060 0.228417 0.555523
0.213121 0.216441 0.570438
0.213545 0.218098 0.568357
0.211942 0.211942 0.576117
0.214698 0.222725 0.562576
0.212499 0.214048 0.573453
0.212605 0.214419 0.572976
0.214550 0.212631 0.572820
0.217071 0.232849 0.550080
0.215851 0.227528 0.556621
0.212068 0.211975 0.575956
0.211942 0.211942 0.576117
0.218847 0.241038 0.540115
0.216700 0.231206 0.552094
0.211968 0.212041 0.575991
0.211942 0.211942 0.576117
0.212083 0.212471 0.575446
0.212691 0.214783 0.572526
0.224405 0.271596 0.503999
0.214053 0.220113 0.565834
0.211943 0.211948 0.576109
0.274646 0.499917 0.225437
0.213860 0.219345 0.566794
0.214191 0.220668 0.565141
0.214354 0.221327 0.564318
0.223990 0.268938 0.507072
0.212878 0.215500 0.571622
0.211942 0.211942 0.576117
0.217029 0.232631 0.550340
0.213935 0.219638 0.566427
0.212387 0.213622 0.573991
0.212010 0.212195 0.575795
0.212150 0.212725 0.575125
0.225153 0.276524 0.498323
0.220600 0.214179 0.565221
0.211942 0.211942 0.576117
0.211949 0.211968 0.576083
0.212416 0.213730 0.573854
0.211942 0.211942 0.576117
0.211942 0.211942 0.576117
0.221405 0.253925 0.524670
0.213847 0.219292 0.566862
0.211942 0.211942 0.576117
0.211942 0.211942 0.576117
0.213660 0.218552 0.567788
0.213180 0.216668 0.570152
0.211964 0.212024 0.576013
0.212877 0.215494 0.571629
0.212621 0.214511 0.572868
0.218850 0.238547 0.542603
0.211942 0.211942 0.576117
0.211942 0.211945 0.576113
0.212997 0.215961 0.571041
0.212679 0.214734 0.572588
0.215514 0.226108 0.558378
0.212990 0.215934 0.571075
0.212935 0.215721 0.571344
0.212156 0.575095 0.212749
0.211944 0.211942 0.576114
0.211942 0.211942 0.576117
0.212296 0.213276 0.574429
0.211942 0.211942 0.576117
0.213624 0.218402 0.567975
0.340781 0.427658 0.231561
0.211942 0.211942 0.576117
0.212153 0.212736 0.575111
0.215788 0.227267 0.556945
0.214626 0.222432 0.562942
0.211942 0.211942 0.576117
0.232531 0.366975 0.400494
0.211958 0.212002 0.576040
0.234160 0.548388 0.217451
0.216625 0.230879 0.552495
0.213071 0.216246 0.570682
0.212978 0.215888 0.571134
0.212202 0.212920 0.574879
0.211942 0.211942 0.576117
0.211942 0.211942 0.576117
0.219995 0.533358 0.246647
0.212024 0.212252 0.575724
0.213330 0.217256 0.569414
0.212623 0.214523 0.572854
0.217393 0.234260 0.548347
0.214771 0.223023 0.562206
0.211942 0.211942 0.576117
0.212597 0.214420 0.572983
0.213114 0.216412 0.570474
0.212446 0.213841 0.573713
0.212525 0.214147 0.573328
0.211957 0.212000 0.576043
0.358336 0.232302 0.409362
0.211942 0.211942 0.576117
0.526178 0.252668 0.221154
0.211942 0.211942 0.576117
0.234655 0.228552 0.536794
0.212042 0.211968 0.575990
0.211943 0.211945 0.576112
0.211975 0.211951 0.576074
0.213125 0.216455 0.570420
0.211942 0.211942 0.576117
0.224176 0.270147 0.505677
0.225502 0.277496 0.497002
0.211942 0.211942 0.576117
0.213562 0.218167 0.568271
0.211942 0.211942 0.576117
0.212912 0.215632 0.571456
0.215139 0.224178 0.560683
0.230838 0.329247 0.439915
0.211965 0.211948 0.576088
0.211942 0.211942 0.576117
0.211961 0.211947 0.576092
0.227433 0.231630 0.540937
0.211942 0.211942 0.576116
0.211942 0.211942 0.576117
0.211948 0.211965 0.576087
0.214204 0.220691 0.565105
0.212133 0.212661 0.575207
0.211969 0.212044 0.575987
0.212090 0.212499 0.575411
0.214281 0.220988 0.564731
0.215817 0.227207 0.556976
0.211942 0.211942 0.576117
0.211993 0.212133 0.575874
0.212641 0.214591 0.572767
0.211942 0.211942 0.576117
0.211942 0.211942 0.576117
0.212328 0.213397 0.574275
0.406229 0.330796 0.262975
0.215130 0.224503 0.560367
0.212761 0.214915 0.572324
0.211959 0.212008 0.576033
0.212454 0.213870 0.573676
0.211942 0.211942 0.576117
0.211942 0.211942 0.576117
0.211942 0.211942 0.576117
0.215075 0.224277 0.560648
0.211942 0.211942 0.576117
0.211942 0.211942 0.576117
0.213655 0.218534 0.567811
0.213754 0.218924 0.567322
0.569532 0.217162 0.213306
0.212811 0.215242 0.571947
0.212258 0.213132 0.574610
0.211942 0.211942 0.576117
0.218841 0.241013 0.540146
0.213264 0.216992 0.569744
0.212156 0.212749 0.575095
0.216021 0.228089 0.555890
0.215029 0.224085 0.560886
0.212528 0.214157 0.573315
0.211942 0.211942 0.576117
0.211942 0.211942 0.576117
0.214448 0.221642 0.563910
0.575922 0.212096 0.211983
0.212563 0.214292 0.573145
0.215683 0.226823 0.557493
0.217267 0.232028 0.550705
0.231169 0.334286 0.434545
0.215574 0.226361 0.558065
0.217812 0.236195 0.545992
0.212722 0.214902 0.572376
0.212192 0.212882 0.574926
0.211991 0.212127 0.575881
0.211942 0.211942 0.576117
0.221459 0.254294 0.524247
0.211980 0.212084 0.575937
0.213296 0.217122 0.569582
0.211943 0.211942 0.576116
0.213375 0.217326 0.569300
0.211953 0.211985 0.576062
0.212074 0.212437 0.575489
0.212060 0.212385 0.575556
0.212029 0.212271 0.575700
0.211942 0.211942 0.576117
0.223061 0.262625 0.514314
0.218550 0.239624 0.541825
0.211944 0.576113 0.211942
0.212747 0.214994 0.572259
0.213905 0.219407 0.566687
0.212419 0.213743 0.573838
0.211950 0.211972 0.576078
0.213685 0.218650 0.567666
0.211942 0.211942 0.576117
0.214539 0.222075 0.563386
0.229735 0.315405 0.454860
0.213410 0.217569 0.569021
0.212602 0.214441 0.572957
0.212343 0.213293 0.574364
0.213848 0.573705 0.212447
0.486122 0.231119 0.282759
0.213526 0.218023 0.568451
0.229388 0.268929 0.501683
0.212624 0.214523 0.572854
0.215215 0.224859 0.559926
0.212080 0.211979 0.575941
0.212383 0.213605 0.574012
0.287496 0.379576 0.332928
0.219367 0.243557 0.537076
0.217173 0.233280 0.549547
0.212482 0.213982 0.573536
0.213821 0.218457 0.567722
0.212291 0.213256 0.574453
0.216938 0.232255 0.550807
0.213434 0.217663 0.568903
0.211942 0.211942 0.576117
0.211942 0.211942 0.576117
0.211942 0.211943 0.576115
0.211942 0.211942 0.576117
0.211985 0.211953 0.576062
0.527930 0.220875 0.251195
0.213660 0.218552 0.567787
0.211942 0.211942 0.576117
0.211942 0.211943 0.576115
0.212071 0.212426 0.575503
0.212690 0.214779 0.572531
0.211942 0.211943 0.576114
0.213489 0.217864 0.568647
0.228962 0.307268 0.463770
0.212467 0.213925 0.573608
0.212238 0.213054 0.574708
0.220734 0.250455 0.528811
0.212218 0.212971 0.574810
0.216058 0.228410 0.555533
0.211942 0.211942 0.576117
0.213437 0.217675 0.568888
0.211942 0.211942 0.576117
0.211947 0.211960 0.576093
0.211942 0.211942 0.576117
0.212533 0.214176 0.573291
0.212812 0.215242 0.571946
0.212245 0.213082 0.574674
0.433032 0.315821 0.251147
0.212132 0.212656 0.575212
0.212708 0.214846 0.572447
0.212993 0.215937 0.571071
0.215556 0.226112 0.558332
0.224114 0.215037 0.560849
0.218744 0.240538 0.540717
0.574645 0.213105 0.212251
0.573218 0.214234 0.212548
0.213174 0.216648 0.570178
0.211958 0.212003 0.576040
0.211942 0.211942 0.576117
0.211942 0.211942 0.576117
0.211942 0.211942 0.576117
0.217806 0.546133 0.236061
0.212217 0.212977 0.574806
0.224642 0.541255 0.234104
0.232669 0.402264 0.365067
0.215236 0.223276 0.561488
0.214935 0.223694 0.561371
0.224201 0.270299 0.505500
0.228653 0.302593 0.468754
0.229555 0.268385 0.502060
0.231678 0.457683 0.310639
0.211942 0.211942 0.576117
0.211944 0.211942 0.576113
0.232632 0.407804 0.359563
0.211942 0.211943 0.576116
0.211942 0.211942 0.576117
0.211942 0.211942 0.576116
0.211942 0.211942 0.576117
0.217836 0.236305 0.545860
0.235459 0.348220 0.416321
0.229303 0.310735 0.459962
0.212975 0.215874 0.571151
0.213310 0.217171 0.569519
0.215772 0.227199 0.557029
0.212658 0.214621 0.572721
0.218507 0.239426 0.542067
0.211942 0.211942 0.576117
0.212452 0.213869 0.573679
0.212494 0.214027 0.573480
0.211946 0.211959 0.576095
0.213814 0.219162 0.567023
0.211942 0.211943 0.576115
0.211942 0.211942 0.576117
0.215373 0.225515 0.559112
0.211942 0.211942 0.576117
0.212265 0.213159 0.574576
0.212722 0.214901 0.572377
0.211942 0.211942 0.576117
0.212886 0.215532 0.571582
0.216093 0.555340 0.228567
0.215883 0.227653 0.556464
0.212539 0.214201 0.573260
0.215215 0.224857 0.559929
0.212163 0.212773 0.575065
0.215419 0.225712 0.558869
0.211942 0.211942 0.576117
0.211942 0.211942 0.576117
0.211942 0.211942 0.576117
0.218419 0.239003 0.542578
0.211942 0.211942 0.576116
0.216858 0.231732 0.551410
0.212102 0.211985 0.575912
0.576097 0.211957 0.211946
0.211942 0.211942 0.576117
0.211976 0.576050 0.211974
0.211942 0.211942 0.576117
0.212083 0.212471 0.575446
0.212355 0.213499 0.574146
0.213029 0.216070 0.570900
0.213595 0.218288 0.568117
0.215168 0.224660 0.560172
0.228279 0.300800 0.470920
0.211942 0.211942 0.576117
0.233588 0.302117 0.464295
0.211942 0.211942 0.576117
0.211953 0.211986 0.576061
0.211942 0.211942 0.576117
0.212372 0.213563 0.574066
0.214645 0.222506 0.562849
0.212466 0.213921 0.573613
0.212970 0.215847 0.571183
0.212426 0.213769 0.573806
0.218931 0.241443 0.539626
0.212261 0.213144 0.574595
0.219586 0.244633 0.535781
0.212373 0.213570 0.574057
0.219276 0.243114 0.537610
0.212462 0.213904 0.573634
0.214337 0.221256 0.564407
0.212720 0.214894 0.572386
0.229473 0.312534 0.457993
0.214127 0.220412 0.565461
0.213761 0.218953 0.567286
0.211942 0.211942 0.576116
0.215761 0.227154 0.557085
0.215981 0.228033 0.555986
0.211987 0.212112 0.575900
0.225240 0.499480 0.275280
0.212965 0.215837 0.571197
0.212826 0.215299 0.571875
0.212195 0.212892 0.574913
0.212791 0.215165 0.572043
0.218440 0.239110 0.542450
0.225847 0.281347 0.492806
0.221764 0.255963 0.522273
0.219500 0.244212 0.536288
0.214068 0.220172 0.565760
0.212175 0.212819 0.575005
0.213238 0.216896 0.569866
0.211942 0.211942 0.576116
0.212789 0.215159 0.572052
0.211942 0.211942 0.576117
0.212504 0.214068 0.573428
0.212307 0.213320 0.574373
0.211944 0.211951 0.576105
0.212604 0.214447 0.572950
0.216822 0.231742 0.551436
0.212089 0.212494 0.575417
0.213358 0.217363 0.569280
0.212101 0.212540 0.575359
0.212662 0.214671 0.572666
0.215776 0.227217 0.557007
0.212146 0.212709 0.575146
0.217707 0.235714 0.546579
0.211942 0.211942 0.576117
0.559302 0.225362 0.215336
0.213916 0.219563 0.566521
0.214734 0.222862 0.562404
0.229458 0.458168 0.312374
0.234844 0.282335 0.482821
0.212084 0.212476 0.575440
0.216382 0.229819 0.553798
0.217882 0.236514 0.545604
0.216294 0.229436 0.554271
0.211942 0.211942 0.576116
0.215372 0.225463 0.559165
0.212210 0.212952 0.574837
0.214773 0.222963 0.562263
0.213009 0.216004 0.570987
0.212529 0.214160 0.573312
0.213451 0.217728 0.568822
0.225816 0.281063 0.493121
0.227047 0.290325 0.482628
0.576115 0.211943 0.211942
0.212024 0.212250 0.575726
0.213101 0.216353 0.570547
0.213936 0.219646 0.566419
